1685266851130 0.0 1
1685266851215 0.01 2
1685266851285 0.01 3
1685266851354 0.02 4
1685266851424 0.02 5
1685266851492 0.02 6
1685266851559 0.03 7
1685266851626 0.03 8
1685266851695 0.04 9
1685266851766 0.04 10
1685266851832 0.04 11
1685266851899 0.05 12
1685266851966 0.05 13
1685266852033 0.06 14
1685266852100 0.06 15
1685266852169 0.06 16
1685266852236 0.07 17
1685266852303 0.07 18
1685266852370 0.08 19
1685266852444 0.08 20
1685266852512 0.08 21
1685266852587 0.09 22
1685266852657 0.09 23
1685266852724 0.1 24
1685266852791 0.1 25
1685266852857 0.1 26
1685266852928 0.11 27
1685266852997 0.11 28
1685266853064 0.12 29
1685266853130 0.12 30
1685266853196 0.12 31
1685266853263 0.13 32
1685266853331 0.13 33
1685266853401 0.14 34
1685266853469 0.14 35
1685266853543 0.14 36
1685266853615 0.15 37
1685266853690 0.15 38
1685266853760 0.16 39
1685266853829 0.16 40
1685266853895 0.16 41
1685266853963 0.17 42
1685266854030 0.17 43
1685266854097 0.18 44
1685266854164 0.18 45
1685266854235 0.18 46
1685266854304 0.19 47
1685266854376 0.19 48
1685266854445 0.2 49
1685266854517 0.2 50
1685266854585 0.2 51
1685266854656 0.21 52
1685266854726 0.21 53
1685266854799 0.22 54
1685266854867 0.22 55
1685266854935 0.22 56
1685266855001 0.23 57
1685266855068 0.23 58
1685266855135 0.24 59
1685266855210 0.24 60
1685266855278 0.24 61
1685266855346 0.25 62
1685266855412 0.25 63
1685266855479 0.26 64
1685266855547 0.26 65
1685266855614 0.26 66
1685266855682 0.27 67
1685266855750 0.27 68
1685266855819 0.28 69
1685266855890 0.28 70
1685266855960 0.28 71
1685266856029 0.29 72
1685266856096 0.29 73
1685266856163 0.3 74
1685266856228 0.3 75
1685266856294 0.3 76
1685266856360 0.31 77
1685266856426 0.31 78
1685266856494 0.32 79
1685266856562 0.32 80
1685266856632 0.32 81
1685266856701 0.33 82
1685266856770 0.33 83
1685266856839 0.34 84
1685266856906 0.34 85
1685266856973 0.34 86
1685266857040 0.35 87
1685266857110 0.35 88
1685266857178 0.36 89
1685266857255 0.36 90
1685266857323 0.36 91
1685266857389 0.37 92
1685266857455 0.37 93
1685266857521 0.38 94
1685266857588 0.38 95
1685266857655 0.38 96
1685266857721 0.39 97
1685266857790 0.39 98
1685266857856 0.4 99
1685266857926 0.4 100
1685266857993 0.4 101
1685266858060 0.41 102
1685266858127 0.41 103
1685266858195 0.42 104
1685266858263 0.42 105
1685266858332 0.42 106
1685266858400 0.43 107
1685266858467 0.43 108
1685266858535 0.44 109
1685266858602 0.44 110
1685266858670 0.44 111
1685266858739 0.45 112
1685266858806 0.45 113
1685266858902 0.46 114
1685266858971 0.46 115
1685266859037 0.46 116
1685266859105 0.47 117
1685266859171 0.47 118
1685266859251 0.48 119
1685266859319 0.48 120
1685266859386 0.48 121
1685266859454 0.49 122
1685266859522 0.49 123
1685266859591 0.5 124
1685266859658 0.5 125
1685266859728 0.5 126
1685266859798 0.51 127
1685266859865 0.51 128
1685266859935 0.52 129
1685266860005 0.52 130
1685266860074 0.52 131
1685266860140 0.53 132
1685266860208 0.53 133
1685266860275 0.54 134
1685266860342 0.54 135
1685266860411 0.54 136
1685266860478 0.55 137
1685266860546 0.55 138
1685266860614 0.56 139
1685266860681 0.56 140
1685266860746 0.56 141
1685266860812 0.57 142
1685266860879 0.57 143
1685266860946 0.58 144
1685266861013 0.58 145
1685266861078 0.58 146
1685266861145 0.59 147
1685266861211 0.59 148
1685266861285 0.6 149
1685266861351 0.6 150
1685266861418 0.6 151
1685266861485 0.61 152
1685266861554 0.61 153
1685266861624 0.62 154
1685266861693 0.62 155
1685266861762 0.62 156
1685266861834 0.63 157
1685266861902 0.63 158
1685266861969 0.64 159
1685266862034 0.64 160
1685266862102 0.64 161
1685266862168 0.65 162
1685266862235 0.65 163
1685266862303 0.66 164
1685266862371 0.66 165
1685266862436 0.66 166
1685266862503 0.67 167
1685266862571 0.67 168
1685266862637 0.68 169
1685266862707 0.68 170
1685266862778 0.68 171
1685266862845 0.69 172
1685266862913 0.69 173
1685266862983 0.7 174
1685266863049 0.7 175
1685266863118 0.7 176
1685266863191 0.71 177
1685266863261 0.71 178
1685266863335 0.72 179
1685266863402 0.72 180
1685266863469 0.72 181
1685266863538 0.73 182
1685266863609 0.73 183
1685266863675 0.74 184
1685266863743 0.74 185
1685266863811 0.74 186
1685266863878 0.75 187
1685266863947 0.75 188
1685266864015 0.76 189
1685266864084 0.76 190
1685266864156 0.76 191
1685266864225 0.77 192
1685266864293 0.77 193
1685266864360 0.78 194
1685266864427 0.78 195
1685266864495 0.78 196
1685266864567 0.79 197
1685266864637 0.79 198
1685266864706 0.8 199
1685266864772 0.8 200
1685266864838 0.8 201
1685266864906 0.81 202
1685266864972 0.81 203
1685266865038 0.82 204
1685266865106 0.82 205
1685266865175 0.82 206
1685266865243 0.83 207
1685266865308 0.83 208
1685266865376 0.84 209
1685266865446 0.84 210
1685266865516 0.84 211
1685266865586 0.85 212
1685266865661 0.85 213
1685266865729 0.86 214
1685266865796 0.86 215
1685266865865 0.86 216
1685266865931 0.87 217
1685266865999 0.87 218
1685266866065 0.88 219
1685266866130 0.88 220
1685266866197 0.88 221
1685266866263 0.89 222
1685266866328 0.89 223
1685266866395 0.9 224
1685266866467 0.9 225
1685266866533 0.9 226
1685266866600 0.91 227
1685266866665 0.91 228
1685266866731 0.92 229
1685266866796 0.92 230
1685266866863 0.92 231
1685266866929 0.93 232
1685266866996 0.93 233
1685266867062 0.94 234
1685266867128 0.94 235
1685266867194 0.94 236
1685266867261 0.95 237
1685266867327 0.95 238
1685266867396 0.96 239
1685266867463 0.96 240
1685266867529 0.96 241
1685266867595 0.97 242
1685266867662 0.97 243
1685266867728 0.98 244
1685266867795 0.98 245
1685266867863 0.98 246
1685266867929 0.99 247
1685266867995 0.99 248
1685266868062 1.0 249
1685266868114 1.0 250
1685266868514 1.0 250
1685266876246 1.0 251
1685266876320 1.01 252
1685266876390 1.01 253
1685266876459 1.02 254
1685266876528 1.02 255
1685266876594 1.02 256
1685266876661 1.03 257
1685266876727 1.03 258
1685266876793 1.04 259
1685266876858 1.04 260
1685266876925 1.04 261
1685266876991 1.05 262
1685266877057 1.05 263
1685266877123 1.06 264
1685266877188 1.06 265
1685266877253 1.06 266
1685266877318 1.07 267
1685266877384 1.07 268
1685266877451 1.08 269
1685266877517 1.08 270
1685266877585 1.08 271
1685266877652 1.09 272
1685266877718 1.09 273
1685266877786 1.1 274
1685266877852 1.1 275
1685266877917 1.1 276
1685266877984 1.11 277
1685266878051 1.11 278
1685266878118 1.12 279
1685266878184 1.12 280
1685266878251 1.12 281
1685266878317 1.13 282
1685266878385 1.13 283
1685266878452 1.14 284
1685266878517 1.14 285
1685266878583 1.14 286
1685266878649 1.15 287
1685266878719 1.15 288
1685266878784 1.16 289
1685266878851 1.16 290
1685266878918 1.16 291
1685266878987 1.17 292
1685266879054 1.17 293
1685266879120 1.18 294
1685266879186 1.18 295
1685266879258 1.18 296
1685266879324 1.19 297
1685266879388 1.19 298
1685266879454 1.2 299
1685266879520 1.2 300
1685266879585 1.2 301
1685266879651 1.21 302
1685266879719 1.21 303
1685266879785 1.22 304
1685266879855 1.22 305
1685266879924 1.22 306
1685266879993 1.23 307
1685266880065 1.23 308
1685266880134 1.24 309
1685266880201 1.24 310
1685266880268 1.24 311
1685266880335 1.25 312
1685266880403 1.25 313
1685266880471 1.26 314
1685266880537 1.26 315
1685266880603 1.26 316
1685266880667 1.27 317
1685266880733 1.27 318
1685266880798 1.28 319
1685266880865 1.28 320
1685266880931 1.28 321
1685266880997 1.29 322
1685266881062 1.29 323
1685266881127 1.3 324
1685266881196 1.3 325
1685266881264 1.3 326
1685266881330 1.31 327
1685266881396 1.31 328
1685266881463 1.32 329
1685266881534 1.32 330
1685266881602 1.32 331
1685266881667 1.33 332
1685266881733 1.33 333
1685266881800 1.34 334
1685266881869 1.34 335
1685266881935 1.34 336
1685266882001 1.35 337
1685266882073 1.35 338
1685266882141 1.36 339
1685266882209 1.36 340
1685266882277 1.36 341
1685266882343 1.37 342
1685266882409 1.37 343
1685266882476 1.38 344
1685266882545 1.38 345
1685266882612 1.38 346
1685266882680 1.39 347
1685266882746 1.39 348
1685266882813 1.4 349
1685266882878 1.4 350
1685266882945 1.4 351
1685266883011 1.41 352
1685266883077 1.41 353
1685266883141 1.42 354
1685266883207 1.42 355
1685266883272 1.42 356
1685266883338 1.43 357
1685266883404 1.43 358
1685266883469 1.44 359
1685266883535 1.44 360
1685266883602 1.44 361
1685266883669 1.45 362
1685266883733 1.45 363
1685266883799 1.46 364
1685266883866 1.46 365
1685266883931 1.46 366
1685266883998 1.47 367
1685266884066 1.47 368
1685266884133 1.48 369
1685266884199 1.48 370
1685266884267 1.48 371
1685266884333 1.49 372
1685266884400 1.49 373
1685266884469 1.5 374
1685266884540 1.5 375
1685266884607 1.5 376
1685266884673 1.51 377
1685266884738 1.51 378
1685266884803 1.52 379
1685266884869 1.52 380
1685266884937 1.52 381
1685266885003 1.53 382
1685266885068 1.53 383
1685266885134 1.54 384
1685266885199 1.54 385
1685266885264 1.54 386
1685266885329 1.55 387
1685266885393 1.55 388
1685266885458 1.56 389
1685266885524 1.56 390
1685266885590 1.56 391
1685266885656 1.57 392
1685266885723 1.57 393
1685266885789 1.58 394
1685266885857 1.58 395
1685266885923 1.58 396
1685266885988 1.59 397
1685266886054 1.59 398
1685266886120 1.6 399
1685266886187 1.6 400
1685266886254 1.6 401
1685266886322 1.61 402
1685266886388 1.61 403
1685266886454 1.62 404
1685266886518 1.62 405
1685266886588 1.62 406
1685266886653 1.63 407
1685266886717 1.63 408
1685266886785 1.64 409
1685266886850 1.64 410
1685266886916 1.64 411
1685266886983 1.65 412
1685266887049 1.65 413
1685266887114 1.66 414
1685266887179 1.66 415
1685266887244 1.66 416
1685266887311 1.67 417
1685266887382 1.67 418
1685266887448 1.68 419
1685266887514 1.68 420
1685266887579 1.68 421
1685266887645 1.69 422
1685266887713 1.69 423
1685266887779 1.7 424
1685266887845 1.7 425
1685266887912 1.7 426
1685266887977 1.71 427
1685266888043 1.71 428
1685266888108 1.72 429
1685266888172 1.72 430
1685266888238 1.72 431
1685266888303 1.73 432
1685266888370 1.73 433
1685266888436 1.74 434
1685266888503 1.74 435
1685266888575 1.74 436
1685266888640 1.75 437
1685266888705 1.75 438
1685266888772 1.76 439
1685266888852 1.76 440
1685266888917 1.76 441
1685266888983 1.77 442
1685266889052 1.77 443
1685266889117 1.78 444
1685266889182 1.78 445
1685266889252 1.78 446
1685266889322 1.79 447
1685266889398 1.79 448
1685266889467 1.8 449
1685266889535 1.8 450
1685266889602 1.8 451
1685266889668 1.81 452
1685266889732 1.81 453
1685266889797 1.82 454
1685266889864 1.82 455
1685266889930 1.82 456
1685266889995 1.83 457
1685266890062 1.83 458
1685266890128 1.84 459
1685266890193 1.84 460
1685266890258 1.84 461
1685266890323 1.85 462
1685266890389 1.85 463
1685266890455 1.86 464
1685266890521 1.86 465
1685266890586 1.86 466
1685266890651 1.87 467
1685266890717 1.87 468
1685266890782 1.88 469
1685266890847 1.88 470
1685266890912 1.88 471
1685266890977 1.89 472
1685266891045 1.89 473
1685266891117 1.9 474
1685266891183 1.9 475
1685266891251 1.9 476
1685266891316 1.91 477
1685266891383 1.91 478
1685266891449 1.92 479
1685266891515 1.92 480
1685266891582 1.92 481
1685266891647 1.93 482
1685266891715 1.93 483
1685266891786 1.94 484
1685266891854 1.94 485
1685266891925 1.94 486
1685266891992 1.95 487
1685266892059 1.95 488
1685266892125 1.96 489
1685266892190 1.96 490
1685266892255 1.96 491
1685266892320 1.97 492
1685266892387 1.97 493
1685266892451 1.98 494
1685266892518 1.98 495
1685266892587 1.98 496
1685266892651 1.99 497
1685266892717 1.99 498
1685266892781 2.0 499
1685266892833 2.0 500
1685266893231 2.0 500
1685266900516 2.0 501
1685266900586 2.01 502
1685266900653 2.01 503
1685266900719 2.02 504
1685266900784 2.02 505
1685266900849 2.02 506
1685266900915 2.03 507
1685266900980 2.03 508
1685266901049 2.04 509
1685266901116 2.04 510
1685266901184 2.04 511
1685266901253 2.05 512
1685266901319 2.05 513
1685266901387 2.06 514
1685266901455 2.06 515
1685266901518 2.06 516
1685266901585 2.07 517
1685266901650 2.07 518
1685266901715 2.08 519
1685266901780 2.08 520
1685266901846 2.08 521
1685266901912 2.09 522
1685266901980 2.09 523
1685266902045 2.1 524
1685266902109 2.1 525
1685266902173 2.1 526
1685266902238 2.11 527
1685266902304 2.11 528
1685266902369 2.12 529
1685266902435 2.12 530
1685266902504 2.12 531
1685266902569 2.13 532
1685266902634 2.13 533
1685266902699 2.14 534
1685266902767 2.14 535
1685266902831 2.14 536
1685266902896 2.15 537
1685266902963 2.15 538
1685266903039 2.16 539
1685266903107 2.16 540
1685266903173 2.16 541
1685266903239 2.17 542
1685266903302 2.17 543
1685266903369 2.18 544
1685266903433 2.18 545
1685266903498 2.18 546
1685266903562 2.19 547
1685266903627 2.19 548
1685266903690 2.2 549
1685266903754 2.2 550
1685266903818 2.2 551
1685266903883 2.21 552
1685266903949 2.21 553
1685266904014 2.22 554
1685266904079 2.22 555
1685266904145 2.22 556
1685266904211 2.23 557
1685266904277 2.23 558
1685266904341 2.24 559
1685266904406 2.24 560
1685266904471 2.24 561
1685266904535 2.25 562
1685266904600 2.25 563
1685266904666 2.26 564
1685266904731 2.26 565
1685266904798 2.26 566
1685266904862 2.27 567
1685266904926 2.27 568
1685266904992 2.28 569
1685266905058 2.28 570
1685266905124 2.28 571
1685266905188 2.29 572
1685266905253 2.29 573
1685266905319 2.3 574
1685266905385 2.3 575
1685266905450 2.3 576
1685266905515 2.31 577
1685266905581 2.31 578
1685266905648 2.32 579
1685266905712 2.32 580
1685266905780 2.32 581
1685266905847 2.33 582
1685266905981 2.33 583
1685266906048 2.34 584
1685266906112 2.34 585
1685266906176 2.34 586
1685266906241 2.35 587
1685266906306 2.35 588
1685266906370 2.36 589
1685266906437 2.36 590
1685266906503 2.36 591
1685266906577 2.37 592
1685266906646 2.37 593
1685266906714 2.38 594
1685266906783 2.38 595
1685266906852 2.38 596
1685266906919 2.39 597
1685266906984 2.39 598
1685266907051 2.4 599
1685266907118 2.4 600
1685266907184 2.4 601
1685266907252 2.41 602
1685266907322 2.41 603
1685266907389 2.42 604
1685266907456 2.42 605
1685266907524 2.42 606
1685266907591 2.43 607
1685266907657 2.43 608
1685266907725 2.44 609
1685266907790 2.44 610
1685266907855 2.44 611
1685266907922 2.45 612
1685266907986 2.45 613
1685266908053 2.46 614
1685266908118 2.46 615
1685266908182 2.46 616
1685266908248 2.47 617
1685266908313 2.47 618
1685266908381 2.48 619
1685266908446 2.48 620
1685266908519 2.48 621
1685266908588 2.49 622
1685266908654 2.49 623
1685266908720 2.5 624
1685266908785 2.5 625
1685266908850 2.5 626
1685266908917 2.51 627
1685266908982 2.51 628
1685266909046 2.52 629
1685266909111 2.52 630
1685266909176 2.52 631
1685266909242 2.53 632
1685266909306 2.53 633
1685266909374 2.54 634
1685266909441 2.54 635
1685266909506 2.54 636
1685266909571 2.55 637
1685266909636 2.55 638
1685266909704 2.56 639
1685266909769 2.56 640
1685266909834 2.56 641
1685266909899 2.57 642
1685266909963 2.57 643
1685266910028 2.58 644
1685266910094 2.58 645
1685266910159 2.58 646
1685266910225 2.59 647
1685266910291 2.59 648
1685266910357 2.6 649
1685266910422 2.6 650
1685266910488 2.6 651
1685266910553 2.61 652
1685266910618 2.61 653
1685266910683 2.62 654
1685266910749 2.62 655
1685266910814 2.62 656
1685266910879 2.63 657
1685266910944 2.63 658
1685266911009 2.64 659
1685266911073 2.64 660
1685266911139 2.64 661
1685266911204 2.65 662
1685266911270 2.65 663
1685266911335 2.66 664
1685266911404 2.66 665
1685266911469 2.66 666
1685266911534 2.67 667
1685266911601 2.67 668
1685266911666 2.68 669
1685266911731 2.68 670
1685266911796 2.68 671
1685266911863 2.69 672
1685266911928 2.69 673
1685266911993 2.7 674
1685266912059 2.7 675
1685266912124 2.7 676
1685266912189 2.71 677
1685266912253 2.71 678
1685266912318 2.72 679
1685266912382 2.72 680
1685266912447 2.72 681
1685266912511 2.73 682
1685266912580 2.73 683
1685266912647 2.74 684
1685266912712 2.74 685
1685266912778 2.74 686
1685266912843 2.75 687
1685266912909 2.75 688
1685266912977 2.76 689
1685266913044 2.76 690
1685266913108 2.76 691
1685266913174 2.77 692
1685266913242 2.77 693
1685266913315 2.78 694
1685266913381 2.78 695
1685266913449 2.78 696
1685266913520 2.79 697
1685266913588 2.79 698
1685266913661 2.8 699
1685266913728 2.8 700
1685266913796 2.8 701
1685266913865 2.81 702
1685266913935 2.81 703
1685266914001 2.82 704
1685266914068 2.82 705
1685266914134 2.82 706
1685266914199 2.83 707
1685266914264 2.83 708
1685266914330 2.84 709
1685266914396 2.84 710
1685266914462 2.84 711
1685266914528 2.85 712
1685266914593 2.85 713
1685266914657 2.86 714
1685266914724 2.86 715
1685266914789 2.86 716
1685266914855 2.87 717
1685266914919 2.87 718
1685266914984 2.88 719
1685266915051 2.88 720
1685266915118 2.88 721
1685266915183 2.89 722
1685266915250 2.89 723
1685266915317 2.9 724
1685266915384 2.9 725
1685266915451 2.9 726
1685266915515 2.91 727
1685266915581 2.91 728
1685266915649 2.92 729
1685266915714 2.92 730
1685266915780 2.92 731
1685266915848 2.93 732
1685266915914 2.93 733
1685266915978 2.94 734
1685266916042 2.94 735
1685266916108 2.94 736
1685266916173 2.95 737
1685266916237 2.95 738
1685266916302 2.96 739
1685266916368 2.96 740
1685266916433 2.96 741
1685266916499 2.97 742
1685266916565 2.97 743
1685266916630 2.98 744
1685266916703 2.98 745
1685266916769 2.98 746
1685266916838 2.99 747
1685266916904 2.99 748
1685266916969 3.0 749
1685266917021 3.0 750
1685266917416 3.0 750
1685266925301 3.0 751
1685266925372 3.01 752
1685266925439 3.01 753
1685266925504 3.02 754
1685266925572 3.02 755
1685266925640 3.02 756
1685266925705 3.03 757
1685266925771 3.03 758
1685266925838 3.04 759
1685266925904 3.04 760
1685266925970 3.04 761
1685266926036 3.05 762
1685266926101 3.05 763
1685266926166 3.06 764
1685266926231 3.06 765
1685266926296 3.06 766
1685266926362 3.07 767
1685266926427 3.07 768
1685266926493 3.08 769
1685266926558 3.08 770
1685266926622 3.08 771
1685266926688 3.09 772
1685266926754 3.09 773
1685266926820 3.1 774
1685266926885 3.1 775
1685266926952 3.1 776
1685266927017 3.11 777
1685266927083 3.11 778
1685266927149 3.12 779
1685266927217 3.12 780
1685266927293 3.12 781
1685266927360 3.13 782
1685266927425 3.13 783
1685266927490 3.14 784
1685266927556 3.14 785
1685266927621 3.14 786
1685266927688 3.15 787
1685266927753 3.15 788
1685266927821 3.16 789
1685266927887 3.16 790
1685266927953 3.16 791
1685266928018 3.17 792
1685266928085 3.17 793
1685266928150 3.18 794
1685266928215 3.18 795
1685266928280 3.18 796
1685266928347 3.19 797
1685266928413 3.19 798
1685266928479 3.2 799
1685266928546 3.2 800
1685266928611 3.2 801
1685266928676 3.21 802
1685266928742 3.21 803
1685266928808 3.22 804
1685266928877 3.22 805
1685266928943 3.22 806
1685266929009 3.23 807
1685266929074 3.23 808
1685266929141 3.24 809
1685266929209 3.24 810
1685266929285 3.24 811
1685266929350 3.25 812
1685266929415 3.25 813
1685266929480 3.26 814
1685266929546 3.26 815
1685266929613 3.26 816
1685266929681 3.27 817
1685266929748 3.27 818
1685266929813 3.28 819
1685266929881 3.28 820
1685266929949 3.28 821
1685266930020 3.29 822
1685266930088 3.29 823
1685266930153 3.3 824
1685266930220 3.3 825
1685266930287 3.3 826
1685266930353 3.31 827
1685266930419 3.31 828
1685266930486 3.32 829
1685266930553 3.32 830
1685266930618 3.32 831
1685266930684 3.33 832
1685266930750 3.33 833
1685266930816 3.34 834
1685266930916 3.34 835
1685266930985 3.34 836
1685266931052 3.35 837
1685266931117 3.35 838
1685266931184 3.36 839
1685266931249 3.36 840
1685266931327 3.36 841
1685266931400 3.37 842
1685266931474 3.37 843
1685266931547 3.38 844
1685266931617 3.38 845
1685266931685 3.38 846
1685266931764 3.39 847
1685266931832 3.39 848
1685266931902 3.4 849
1685266931973 3.4 850
1685266932044 3.4 851
1685266932110 3.41 852
1685266932177 3.41 853
1685266932244 3.42 854
1685266932310 3.42 855
1685266932378 3.42 856
1685266932444 3.43 857
1685266932509 3.43 858
1685266932580 3.44 859
1685266932645 3.44 860
1685266932715 3.44 861
1685266932785 3.45 862
1685266932852 3.45 863
1685266932919 3.46 864
1685266932983 3.46 865
1685266933052 3.46 866
1685266933117 3.47 867
1685266933182 3.47 868
1685266933250 3.48 869
1685266933320 3.48 870
1685266933386 3.48 871
1685266933454 3.49 872
1685266933520 3.49 873
1685266933585 3.5 874
1685266933653 3.5 875
1685266933720 3.5 876
1685266933788 3.51 877
1685266933857 3.51 878
1685266933922 3.52 879
1685266933990 3.52 880
1685266934058 3.52 881
1685266934123 3.53 882
1685266934188 3.53 883
1685266934255 3.54 884
1685266934320 3.54 885
1685266934385 3.54 886
1685266934451 3.55 887
1685266934517 3.55 888
1685266934584 3.56 889
1685266934649 3.56 890
1685266934717 3.56 891
1685266934784 3.57 892
1685266934849 3.57 893
1685266934914 3.58 894
1685266934980 3.58 895
1685266935045 3.58 896
1685266935110 3.59 897
1685266935176 3.59 898
1685266935241 3.6 899
1685266935307 3.6 900
1685266935374 3.6 901
1685266935439 3.61 902
1685266935510 3.61 903
1685266935577 3.62 904
1685266935643 3.62 905
1685266935708 3.62 906
1685266935775 3.63 907
1685266935841 3.63 908
1685266935905 3.64 909
1685266935970 3.64 910
1685266936035 3.64 911
1685266936101 3.65 912
1685266936166 3.65 913
1685266936230 3.66 914
1685266936300 3.66 915
1685266936368 3.66 916
1685266936438 3.67 917
1685266936507 3.67 918
1685266936572 3.68 919
1685266936637 3.68 920
1685266936702 3.68 921
1685266936768 3.69 922
1685266936837 3.69 923
1685266936903 3.7 924
1685266936968 3.7 925
1685266937034 3.7 926
1685266937101 3.71 927
1685266937166 3.71 928
1685266937231 3.72 929
1685266937296 3.72 930
1685266937363 3.72 931
1685266937428 3.73 932
1685266937496 3.73 933
1685266937561 3.74 934
1685266937627 3.74 935
1685266937694 3.74 936
1685266937760 3.75 937
1685266937827 3.75 938
1685266937893 3.76 939
1685266937962 3.76 940
1685266938027 3.76 941
1685266938092 3.77 942
1685266938158 3.77 943
1685266938224 3.78 944
1685266938288 3.78 945
1685266938355 3.78 946
1685266938421 3.79 947
1685266938486 3.79 948
1685266938552 3.8 949
1685266938617 3.8 950
1685266938683 3.8 951
1685266938749 3.81 952
1685266938813 3.81 953
1685266938878 3.82 954
1685266938948 3.82 955
1685266939013 3.82 956
1685266939081 3.83 957
1685266939148 3.83 958
1685266939216 3.84 959
1685266939282 3.84 960
1685266939348 3.84 961
1685266939414 3.85 962
1685266939481 3.85 963
1685266939553 3.86 964
1685266939619 3.86 965
1685266939684 3.86 966
1685266939750 3.87 967
1685266939815 3.87 968
1685266939880 3.88 969
1685266939945 3.88 970
1685266940012 3.88 971
1685266940080 3.89 972
1685266940147 3.89 973
1685266940213 3.9 974
1685266940279 3.9 975
1685266940346 3.9 976
1685266940412 3.91 977
1685266940480 3.91 978
1685266940548 3.92 979
1685266940613 3.92 980
1685266940679 3.92 981
1685266940746 3.93 982
1685266940811 3.93 983
1685266940875 3.94 984
1685266940939 3.94 985
1685266941005 3.94 986
1685266941070 3.95 987
1685266941137 3.95 988
1685266941202 3.96 989
1685266941266 3.96 990
1685266941332 3.96 991
1685266941398 3.97 992
1685266941465 3.97 993
1685266941538 3.98 994
1685266941603 3.98 995
1685266941668 3.98 996
1685266941735 3.99 997
1685266941802 3.99 998
1685266941866 4.0 999
1685266941920 4.0 1000
1685266942326 4.0 1000
1685266952008 4.0 1001
1685266952077 4.01 1002
1685266952143 4.01 1003
1685266952208 4.02 1004
1685266952272 4.02 1005
1685266952338 4.02 1006
1685266952403 4.03 1007
1685266952471 4.03 1008
1685266952538 4.04 1009
1685266952604 4.04 1010
1685266952673 4.04 1011
1685266952743 4.05 1012
1685266952812 4.05 1013
1685266952886 4.06 1014
1685266952956 4.06 1015
1685266953026 4.06 1016
1685266953093 4.07 1017
1685266953159 4.07 1018
1685266953224 4.08 1019
1685266953290 4.08 1020
1685266953357 4.08 1021
1685266953425 4.09 1022
1685266953495 4.09 1023
1685266953562 4.1 1024
1685266953628 4.1 1025
1685266953694 4.1 1026
1685266953760 4.11 1027
1685266953827 4.11 1028
1685266953891 4.12 1029
1685266953957 4.12 1030
1685266954022 4.12 1031
1685266954088 4.13 1032
1685266954154 4.13 1033
1685266954223 4.14 1034
1685266954289 4.14 1035
1685266954356 4.14 1036
1685266954422 4.15 1037
1685266954487 4.15 1038
1685266954553 4.16 1039
1685266954618 4.16 1040
1685266954687 4.16 1041
1685266954760 4.17 1042
1685266954832 4.17 1043
1685266954900 4.18 1044
1685266954964 4.18 1045
1685266955031 4.18 1046
1685266955096 4.19 1047
1685266955161 4.19 1048
1685266955227 4.2 1049
1685266955292 4.2 1050
1685266955361 4.2 1051
1685266955427 4.21 1052
1685266955493 4.21 1053
1685266955558 4.22 1054
1685266955626 4.22 1055
1685266955693 4.22 1056
1685266955760 4.23 1057
1685266955825 4.23 1058
1685266955892 4.24 1059
1685266955958 4.24 1060
1685266956023 4.24 1061
1685266956088 4.25 1062
1685266956153 4.25 1063
1685266956223 4.26 1064
1685266956289 4.26 1065
1685266956355 4.26 1066
1685266956420 4.27 1067
1685266956486 4.27 1068
1685266956552 4.28 1069
1685266956616 4.28 1070
1685266956683 4.28 1071
1685266956748 4.29 1072
1685266956813 4.29 1073
1685266956877 4.3 1074
1685266956942 4.3 1075
1685266957008 4.3 1076
1685266957074 4.31 1077
1685266957141 4.31 1078
1685266957212 4.32 1079
1685266957279 4.32 1080
1685266957346 4.32 1081
1685266957414 4.33 1082
1685266957479 4.33 1083
1685266957546 4.34 1084
1685266957616 4.34 1085
1685266957684 4.34 1086
1685266957756 4.35 1087
1685266957827 4.35 1088
1685266957903 4.36 1089
1685266957971 4.36 1090
1685266958040 4.36 1091
1685266958108 4.37 1092
1685266958173 4.37 1093
1685266958243 4.38 1094
1685266958312 4.38 1095
1685266958382 4.38 1096
1685266958449 4.39 1097
1685266958515 4.39 1098
1685266958579 4.4 1099
1685266958644 4.4 1100
1685266958712 4.4 1101
1685266958777 4.41 1102
1685266958842 4.41 1103
1685266958908 4.42 1104
1685266958973 4.42 1105
1685266959037 4.42 1106
1685266959107 4.43 1107
1685266959175 4.43 1108
1685266959243 4.44 1109
1685266959308 4.44 1110
1685266959375 4.44 1111
1685266959442 4.45 1112
1685266959514 4.45 1113
1685266959585 4.46 1114
1685266959653 4.46 1115
1685266959721 4.46 1116
1685266959790 4.47 1117
1685266959861 4.47 1118
1685266959929 4.48 1119
1685266959998 4.48 1120
1685266960068 4.48 1121
1685266960139 4.49 1122
1685266960210 4.49 1123
1685266960277 4.5 1124
1685266960492 4.5 1125
1685266960565 4.5 1126
1685266960637 4.51 1127
1685266960707 4.51 1128
1685266960776 4.52 1129
1685266960847 4.52 1130
1685266960918 4.52 1131
1685266960986 4.53 1132
1685266961053 4.53 1133
1685266961120 4.54 1134
1685266961190 4.54 1135
1685266961260 4.54 1136
1685266961329 4.55 1137
1685266961395 4.55 1138
1685266961463 4.56 1139
1685266961532 4.56 1140
1685266961603 4.56 1141
1685266961670 4.57 1142
1685266961743 4.57 1143
1685266961814 4.58 1144
1685266961881 4.58 1145
1685266961955 4.58 1146
1685266962025 4.59 1147
1685266962094 4.59 1148
1685266962164 4.6 1149
1685266962233 4.6 1150
1685266962307 4.6 1151
1685266962381 4.61 1152
1685266962450 4.61 1153
1685266962519 4.62 1154
1685266962589 4.62 1155
1685266962654 4.62 1156
1685266962724 4.63 1157
1685266962790 4.63 1158
1685266962864 4.64 1159
1685266962933 4.64 1160
1685266963000 4.64 1161
1685266963066 4.65 1162
1685266963139 4.65 1163
1685266963213 4.66 1164
1685266963283 4.66 1165
1685266963354 4.66 1166
1685266963428 4.67 1167
1685266963496 4.67 1168
1685266963565 4.68 1169
1685266963632 4.68 1170
1685266963704 4.68 1171
1685266963775 4.69 1172
1685266963844 4.69 1173
1685266963912 4.7 1174
1685266963983 4.7 1175
1685266964062 4.7 1176
1685266964131 4.71 1177
1685266964199 4.71 1178
1685266964275 4.72 1179
1685266964347 4.72 1180
1685266964414 4.72 1181
1685266964492 4.73 1182
1685266964563 4.73 1183
1685266964633 4.74 1184
1685266964706 4.74 1185
1685266964775 4.74 1186
1685266964848 4.75 1187
1685266964919 4.75 1188
1685266964994 4.76 1189
1685266965064 4.76 1190
1685266965138 4.76 1191
1685266965209 4.77 1192
1685266965282 4.77 1193
1685266965360 4.78 1194
1685266965430 4.78 1195
1685266965501 4.78 1196
1685266965574 4.79 1197
1685266965649 4.79 1198
1685266965724 4.8 1199
1685266965794 4.8 1200
1685266965873 4.8 1201
1685266965950 4.81 1202
1685266966017 4.81 1203
1685266966088 4.82 1204
1685266966163 4.82 1205
1685266966236 4.82 1206
1685266966308 4.83 1207
1685266966385 4.83 1208
1685266966466 4.84 1209
1685266966536 4.84 1210
1685266966618 4.84 1211
1685266966689 4.85 1212
1685266966768 4.85 1213
1685266966838 4.86 1214
1685266966907 4.86 1215
1685266966976 4.86 1216
1685266967044 4.87 1217
1685266967118 4.87 1218
1685266967189 4.88 1219
1685266967264 4.88 1220
1685266967339 4.88 1221
1685266967409 4.89 1222
1685266967482 4.89 1223
1685266967554 4.9 1224
1685266967627 4.9 1225
1685266967695 4.9 1226
1685266967768 4.91 1227
1685266967837 4.91 1228
1685266967904 4.92 1229
1685266967970 4.92 1230
1685266968049 4.92 1231
1685266968130 4.93 1232
1685266968198 4.93 1233
1685266968278 4.94 1234
1685266968349 4.94 1235
1685266968418 4.94 1236
1685266968493 4.95 1237
1685266968568 4.95 1238
1685266968647 4.96 1239
1685266968718 4.96 1240
1685266968792 4.96 1241
1685266968866 4.97 1242
1685266968937 4.97 1243
1685266969008 4.98 1244
1685266969077 4.98 1245
1685266969146 4.98 1246
1685266969215 4.99 1247
1685266969283 4.99 1248
1685266969358 5.0 1249
1685266969411 5.0 1250
1685266969815 5.0 1250
1685266977516 5.0 1251
1685266977660 5.01 1252
1685266977769 5.01 1253
1685266977868 5.02 1254
1685266977971 5.02 1255
1685266978086 5.02 1256
1685266978173 5.03 1257
1685266978277 5.03 1258
1685266978370 5.04 1259
1685266978452 5.04 1260
1685266978548 5.04 1261
1685266978619 5.05 1262
1685266978695 5.05 1263
1685266978764 5.06 1264
1685266978864 5.06 1265
1685266978956 5.06 1266
1685266979043 5.07 1267
1685266979116 5.07 1268
1685266979183 5.08 1269
1685266979256 5.08 1270
1685266979327 5.08 1271
1685266979397 5.09 1272
1685266979472 5.09 1273
1685266979542 5.1 1274
1685266979608 5.1 1275
1685266979674 5.1 1276
1685266979746 5.11 1277
1685266979820 5.11 1278
1685266979888 5.12 1279
1685266979959 5.12 1280
1685266980029 5.12 1281
1685266980101 5.13 1282
1685266980177 5.13 1283
1685266980251 5.14 1284
1685266980323 5.14 1285
1685266980403 5.14 1286
1685266980477 5.15 1287
1685266980560 5.15 1288
1685266980646 5.16 1289
1685266980716 5.16 1290
1685266980794 5.16 1291
1685266980866 5.17 1292
1685266980938 5.17 1293
1685266981011 5.18 1294
1685266981089 5.18 1295
1685266981162 5.18 1296
1685266981239 5.19 1297
1685266981323 5.19 1298
1685266981412 5.2 1299
1685266981499 5.2 1300
1685266981574 5.2 1301
1685266981662 5.21 1302
1685266981736 5.21 1303
1685266981810 5.22 1304
1685266981886 5.22 1305
1685266981963 5.22 1306
1685266982033 5.23 1307
1685266982108 5.23 1308
1685266982178 5.24 1309
1685266982249 5.24 1310
1685266982320 5.24 1311
1685266982395 5.25 1312
1685266982464 5.25 1313
1685266982533 5.26 1314
1685266982605 5.26 1315
1685266982679 5.26 1316
1685266982747 5.27 1317
1685266982818 5.27 1318
1685266982887 5.28 1319
1685266982966 5.28 1320
1685266983043 5.28 1321
1685266983124 5.29 1322
1685266983199 5.29 1323
1685266983269 5.3 1324
1685266983341 5.3 1325
1685266983417 5.3 1326
1685266983503 5.31 1327
1685266983577 5.31 1328
1685266983649 5.32 1329
1685266983725 5.32 1330
1685266983794 5.32 1331
1685266983869 5.33 1332
1685266983941 5.33 1333
1685266984013 5.34 1334
1685266984094 5.34 1335
1685266984169 5.34 1336
1685266984246 5.35 1337
1685266984320 5.35 1338
1685266984390 5.36 1339
1685266984464 5.36 1340
1685266984535 5.36 1341
1685266984606 5.37 1342
1685266984688 5.37 1343
1685266984759 5.38 1344
1685266984830 5.38 1345
1685266984900 5.38 1346
1685266984973 5.39 1347
1685266985043 5.39 1348
1685266985115 5.4 1349
1685266985189 5.4 1350
1685266985265 5.4 1351
1685266985339 5.41 1352
1685266985409 5.41 1353
1685266985483 5.42 1354
1685266985558 5.42 1355
1685266985626 5.42 1356
1685266985695 5.43 1357
1685266985760 5.43 1358
1685266985831 5.44 1359
1685266985979 5.44 1360
1685266986050 5.44 1361
1685266986122 5.45 1362
1685266986193 5.45 1363
1685266986264 5.46 1364
1685266986339 5.46 1365
1685266986407 5.46 1366
1685266986475 5.47 1367
1685266986542 5.47 1368
1685266986608 5.48 1369
1685266986679 5.48 1370
1685266986750 5.48 1371
1685266986825 5.49 1372
1685266986899 5.49 1373
1685266986974 5.5 1374
1685266987047 5.5 1375
1685266987121 5.5 1376
1685266987193 5.51 1377
1685266987273 5.51 1378
1685266987361 5.52 1379
1685266987450 5.52 1380
1685266987527 5.52 1381
1685266987609 5.53 1382
1685266987682 5.53 1383
1685266987750 5.54 1384
1685266987830 5.54 1385
1685266987903 5.54 1386
1685266987982 5.55 1387
1685266988052 5.55 1388
1685266988125 5.56 1389
1685266988197 5.56 1390
1685266988273 5.56 1391
1685266988344 5.57 1392
1685266988419 5.57 1393
1685266988492 5.58 1394
1685266988566 5.58 1395
1685266988637 5.58 1396
1685266988707 5.59 1397
1685266988783 5.59 1398
1685266988852 5.6 1399
1685266988924 5.6 1400
1685266989003 5.6 1401
1685266989076 5.61 1402
1685266989149 5.61 1403
1685266989218 5.62 1404
1685266989289 5.62 1405
1685266989365 5.62 1406
1685266989446 5.63 1407
1685266989520 5.63 1408
1685266989592 5.64 1409
1685266989678 5.64 1410
1685266989754 5.64 1411
1685266989827 5.65 1412
1685266989894 5.65 1413
1685266989966 5.66 1414
1685266990040 5.66 1415
1685266990115 5.66 1416
1685266990190 5.67 1417
1685266990259 5.67 1418
1685266990327 5.68 1419
1685266990398 5.68 1420
1685266990472 5.68 1421
1685266990542 5.69 1422
1685266990613 5.69 1423
1685266990685 5.7 1424
1685266990755 5.7 1425
1685266990827 5.7 1426
1685266990900 5.71 1427
1685266990974 5.71 1428
1685266991040 5.72 1429
1685266991105 5.72 1430
1685266991172 5.72 1431
1685266991251 5.73 1432
1685266991320 5.73 1433
1685266991389 5.74 1434
1685266991459 5.74 1435
1685266991529 5.74 1436
1685266991596 5.75 1437
1685266991663 5.75 1438
1685266991729 5.76 1439
1685266991795 5.76 1440
1685266991864 5.76 1441
1685266991932 5.77 1442
1685266991997 5.77 1443
1685266992064 5.78 1444
1685266992129 5.78 1445
1685266992198 5.78 1446
1685266992265 5.79 1447
1685266992332 5.79 1448
1685266992399 5.8 1449
1685266992465 5.8 1450
1685266992535 5.8 1451
1685266992605 5.81 1452
1685266992672 5.81 1453
1685266992739 5.82 1454
1685266992804 5.82 1455
1685266992869 5.82 1456
1685266992936 5.83 1457
1685266993009 5.83 1458
1685266993074 5.84 1459
1685266993142 5.84 1460
1685266993208 5.84 1461
1685266993276 5.85 1462
1685266993343 5.85 1463
1685266993410 5.86 1464
1685266993475 5.86 1465
1685266993541 5.86 1466
1685266993607 5.87 1467
1685266993673 5.87 1468
1685266993739 5.88 1469
1685266993806 5.88 1470
1685266993872 5.88 1471
1685266993940 5.89 1472
1685266994006 5.89 1473
1685266994073 5.9 1474
1685266994139 5.9 1475
1685266994208 5.9 1476
1685266994276 5.91 1477
1685266994343 5.91 1478
1685266994411 5.92 1479
1685266994477 5.92 1480
1685266994543 5.92 1481
1685266994609 5.93 1482
1685266994677 5.93 1483
1685266994742 5.94 1484
1685266994808 5.94 1485
1685266994874 5.94 1486
1685266994941 5.95 1487
1685266995008 5.95 1488
1685266995074 5.96 1489
1685266995140 5.96 1490
1685266995207 5.96 1491
1685266995273 5.97 1492
1685266995340 5.97 1493
1685266995407 5.98 1494
1685266995472 5.98 1495
1685266995539 5.98 1496
1685266995606 5.99 1497
1685266995672 5.99 1498
1685266995742 6.0 1499
1685266995795 6.0 1500
1685266996193 6.0 1500
1685267005481 6.0 1500
