1685266851130 1.9996000000000003e-05 1
1685266851215 1.9992e-05 2
1685266851285 1.9988000000000002e-05 3
1685266851354 1.9984e-05 4
1685266851424 1.9980000000000002e-05 5
1685266851492 1.9976000000000003e-05 6
1685266851559 1.9972e-05 7
1685266851626 1.9968e-05 8
1685266851695 1.9964e-05 9
1685266851766 1.9960000000000002e-05 10
1685266851832 1.9956000000000003e-05 11
1685266851899 1.9952e-05 12
1685266851966 1.9948e-05 13
1685266852033 1.9944e-05 14
1685266852100 1.9940000000000002e-05 15
1685266852169 1.9936000000000004e-05 16
1685266852236 1.9932e-05 17
1685266852303 1.9928e-05 18
1685266852370 1.9924e-05 19
1685266852444 1.9920000000000002e-05 20
1685266852512 1.9916e-05 21
1685266852587 1.9912000000000002e-05 22
1685266852657 1.9908e-05 23
1685266852724 1.9904e-05 24
1685266852791 1.9900000000000003e-05 25
1685266852857 1.9896e-05 26
1685266852928 1.9892000000000002e-05 27
1685266852997 1.9888e-05 28
1685266853064 1.9884e-05 29
1685266853130 1.9880000000000003e-05 30
1685266853196 1.9876e-05 31
1685266853263 1.9872000000000002e-05 32
1685266853331 1.9868e-05 33
1685266853401 1.9864e-05 34
1685266853469 1.9860000000000003e-05 35
1685266853543 1.9856e-05 36
1685266853615 1.9852000000000002e-05 37
1685266853690 1.9848e-05 38
1685266853760 1.9844000000000002e-05 39
1685266853829 1.9840000000000003e-05 40
1685266853895 1.9836e-05 41
1685266853963 1.9832000000000003e-05 42
1685266854030 1.9828e-05 43
1685266854097 1.9824000000000002e-05 44
1685266854164 1.982e-05 45
1685266854235 1.9816e-05 46
1685266854304 1.9812000000000003e-05 47
1685266854376 1.9808e-05 48
1685266854445 1.9804000000000002e-05 49
1685266854517 1.98e-05 50
1685266854585 1.9796e-05 51
1685266854656 1.9792000000000003e-05 52
1685266854726 1.9788e-05 53
1685266854799 1.9784000000000002e-05 54
1685266854867 1.978e-05 55
1685266854935 1.9776000000000002e-05 56
1685266855001 1.9772000000000003e-05 57
1685266855068 1.9768e-05 58
1685266855135 1.9764000000000003e-05 59
1685266855210 1.976e-05 60
1685266855278 1.9756000000000002e-05 61
1685266855346 1.9752000000000003e-05 62
1685266855412 1.9748e-05 63
1685266855479 1.9744e-05 64
1685266855547 1.974e-05 65
1685266855614 1.9736000000000002e-05 66
1685266855682 1.9732000000000004e-05 67
1685266855750 1.9728e-05 68
1685266855819 1.9724e-05 69
1685266855890 1.972e-05 70
1685266855960 1.9716000000000002e-05 71
1685266856029 1.9712000000000004e-05 72
1685266856096 1.9708000000000002e-05 73
1685266856163 1.9704e-05 74
1685266856228 1.97e-05 75
1685266856294 1.9696000000000003e-05 76
1685266856360 1.9692000000000004e-05 77
1685266856426 1.9688000000000002e-05 78
1685266856494 1.9684e-05 79
1685266856562 1.968e-05 80
1685266856632 1.9676000000000003e-05 81
1685266856701 1.9672e-05 82
1685266856770 1.9668000000000002e-05 83
1685266856839 1.9664e-05 84
1685266856906 1.966e-05 85
1685266856973 1.9656000000000003e-05 86
1685266857040 1.9652e-05 87
1685266857110 1.9648000000000002e-05 88
1685266857178 1.9644e-05 89
1685266857255 1.9640000000000002e-05 90
1685266857323 1.9636000000000003e-05 91
1685266857389 1.9632e-05 92
1685266857455 1.9628000000000002e-05 93
1685266857521 1.9624e-05 94
1685266857588 1.9620000000000002e-05 95
1685266857655 1.9616000000000003e-05 96
1685266857721 1.9612e-05 97
1685266857790 1.9608000000000003e-05 98
1685266857856 1.9604e-05 99
1685266857926 1.9600000000000002e-05 100
1685266857993 1.9596e-05 101
1685266858060 1.9592e-05 102
1685266858127 1.9588000000000003e-05 103
1685266858195 1.9584e-05 104
1685266858263 1.9580000000000002e-05 105
1685266858332 1.9576e-05 106
1685266858400 1.9572e-05 107
1685266858467 1.9568000000000003e-05 108
1685266858535 1.9564e-05 109
1685266858602 1.9560000000000002e-05 110
1685266858670 1.9556e-05 111
1685266858739 1.9552000000000002e-05 112
1685266858806 1.9548000000000003e-05 113
1685266858902 1.9544e-05 114
1685266858971 1.9540000000000003e-05 115
1685266859037 1.9536e-05 116
1685266859105 1.9532000000000002e-05 117
1685266859171 1.9528000000000003e-05 118
1685266859251 1.9524e-05 119
1685266859319 1.9520000000000003e-05 120
1685266859386 1.9516e-05 121
1685266859454 1.9512000000000002e-05 122
1685266859522 1.9508000000000004e-05 123
1685266859591 1.9504e-05 124
1685266859658 1.95e-05 125
1685266859728 1.9496e-05 126
1685266859798 1.9492000000000002e-05 127
1685266859865 1.9488000000000004e-05 128
1685266859935 1.9484000000000002e-05 129
1685266860005 1.948e-05 130
1685266860074 1.9476e-05 131
1685266860140 1.9472000000000003e-05 132
1685266860208 1.9468000000000004e-05 133
1685266860275 1.9464000000000002e-05 134
1685266860342 1.946e-05 135
1685266860411 1.9456e-05 136
1685266860478 1.9452000000000003e-05 137
1685266860546 1.9448e-05 138
1685266860614 1.9444000000000002e-05 139
1685266860681 1.944e-05 140
1685266860746 1.9436e-05 141
1685266860812 1.9432000000000003e-05 142
1685266860879 1.9428e-05 143
1685266860946 1.9424e-05 144
1685266861013 1.942e-05 145
1685266861078 1.9416000000000002e-05 146
1685266861145 1.9412000000000003e-05 147
1685266861211 1.9408e-05 148
1685266861285 1.9404e-05 149
1685266861351 1.94e-05 150
1685266861418 1.9396000000000002e-05 151
1685266861485 1.9392000000000003e-05 152
1685266861554 1.9388e-05 153
1685266861624 1.9384e-05 154
1685266861693 1.938e-05 155
1685266861762 1.9376000000000002e-05 156
1685266861834 1.9372000000000004e-05 157
1685266861902 1.9368e-05 158
1685266861969 1.9364e-05 159
1685266862034 1.936e-05 160
1685266862102 1.9356000000000002e-05 161
1685266862168 1.9352e-05 162
1685266862235 1.9348000000000002e-05 163
1685266862303 1.9344e-05 164
1685266862371 1.934e-05 165
1685266862436 1.9336000000000003e-05 166
1685266862503 1.9332e-05 167
1685266862571 1.9328000000000002e-05 168
1685266862637 1.9324e-05 169
1685266862707 1.932e-05 170
1685266862778 1.9316000000000003e-05 171
1685266862845 1.9312e-05 172
1685266862913 1.9308000000000002e-05 173
1685266862983 1.9304e-05 174
1685266863049 1.93e-05 175
1685266863118 1.9296000000000003e-05 176
1685266863191 1.9292e-05 177
1685266863261 1.9288000000000002e-05 178
1685266863335 1.9284e-05 179
1685266863402 1.9280000000000002e-05 180
1685266863469 1.9276e-05 181
1685266863538 1.9272e-05 182
1685266863609 1.9268000000000003e-05 183
1685266863675 1.9264e-05 184
1685266863743 1.9260000000000002e-05 185
1685266863811 1.9256e-05 186
1685266863878 1.9252e-05 187
1685266863947 1.9248000000000003e-05 188
1685266864015 1.9244000000000004e-05 189
1685266864084 1.9240000000000002e-05 190
1685266864156 1.9236e-05 191
1685266864225 1.9232e-05 192
1685266864293 1.9228000000000003e-05 193
1685266864360 1.9224000000000004e-05 194
1685266864427 1.9220000000000002e-05 195
1685266864495 1.9216e-05 196
1685266864567 1.9212000000000002e-05 197
1685266864637 1.9208000000000003e-05 198
1685266864706 1.9204e-05 199
1685266864772 1.9200000000000003e-05 200
1685266864838 1.9196e-05 201
1685266864906 1.9192000000000002e-05 202
1685266864972 1.9188000000000003e-05 203
1685266865038 1.9184e-05 204
1685266865106 1.918e-05 205
1685266865175 1.9176e-05 206
1685266865243 1.9172000000000002e-05 207
1685266865308 1.9168000000000004e-05 208
1685266865376 1.9164e-05 209
1685266865446 1.916e-05 210
1685266865516 1.9156e-05 211
1685266865586 1.9152000000000002e-05 212
1685266865661 1.9148000000000004e-05 213
1685266865729 1.9144000000000002e-05 214
1685266865796 1.914e-05 215
1685266865865 1.9136e-05 216
1685266865931 1.9132000000000002e-05 217
1685266865999 1.9128e-05 218
1685266866065 1.9124000000000002e-05 219
1685266866130 1.912e-05 220
1685266866197 1.9116e-05 221
1685266866263 1.9112000000000003e-05 222
1685266866328 1.9108e-05 223
1685266866395 1.9104000000000002e-05 224
1685266866467 1.91e-05 225
1685266866533 1.9096e-05 226
1685266866600 1.9092000000000003e-05 227
1685266866665 1.9088e-05 228
1685266866731 1.9084000000000002e-05 229
1685266866796 1.908e-05 230
1685266866863 1.9076e-05 231
1685266866929 1.9072000000000003e-05 232
1685266866996 1.9068e-05 233
1685266867062 1.9064000000000002e-05 234
1685266867128 1.906e-05 235
1685266867194 1.9056000000000002e-05 236
1685266867261 1.9052000000000003e-05 237
1685266867327 1.9048e-05 238
1685266867396 1.9044000000000003e-05 239
1685266867463 1.904e-05 240
1685266867529 1.9036000000000002e-05 241
1685266867595 1.9032e-05 242
1685266867662 1.9028e-05 243
1685266867728 1.9024000000000003e-05 244
1685266867795 1.902e-05 245
1685266867863 1.9016000000000002e-05 246
1685266867929 1.9012e-05 247
1685266867995 1.9008e-05 248
1685266868062 1.9004000000000003e-05 249
1685266868114 1.9e-05 250
1685266876246 1.8996000000000002e-05 251
1685266876320 1.8992e-05 252
1685266876390 1.8988000000000002e-05 253
1685266876459 1.8984000000000003e-05 254
1685266876528 1.898e-05 255
1685266876594 1.8976000000000003e-05 256
1685266876661 1.8972e-05 257
1685266876727 1.8968000000000002e-05 258
1685266876793 1.8964000000000003e-05 259
1685266876858 1.896e-05 260
1685266876925 1.8956e-05 261
1685266876991 1.8952e-05 262
1685266877057 1.8948000000000002e-05 263
1685266877123 1.8944000000000004e-05 264
1685266877188 1.894e-05 265
1685266877253 1.8936e-05 266
1685266877318 1.8932e-05 267
1685266877384 1.8928000000000002e-05 268
1685266877451 1.8924000000000004e-05 269
1685266877517 1.8920000000000002e-05 270
1685266877585 1.8916e-05 271
1685266877652 1.8912e-05 272
1685266877718 1.8908000000000003e-05 273
1685266877786 1.8904000000000004e-05 274
1685266877852 1.8900000000000002e-05 275
1685266877917 1.8896e-05 276
1685266877984 1.8892e-05 277
1685266878051 1.8888000000000003e-05 278
1685266878118 1.8884e-05 279
1685266878184 1.8880000000000002e-05 280
1685266878251 1.8876e-05 281
1685266878317 1.8872e-05 282
1685266878385 1.8868000000000003e-05 283
1685266878452 1.8864e-05 284
1685266878517 1.886e-05 285
1685266878583 1.8856e-05 286
1685266878649 1.8852000000000002e-05 287
1685266878719 1.8848000000000003e-05 288
1685266878784 1.8844e-05 289
1685266878851 1.884e-05 290
1685266878918 1.8836e-05 291
1685266878987 1.8832000000000002e-05 292
1685266879054 1.8828000000000003e-05 293
1685266879120 1.8824e-05 294
1685266879186 1.882e-05 295
1685266879258 1.8816e-05 296
1685266879324 1.8812000000000002e-05 297
1685266879388 1.8808e-05 298
1685266879454 1.8804e-05 299
1685266879520 1.88e-05 300
1685266879585 1.8796e-05 301
1685266879651 1.8792000000000002e-05 302
1685266879719 1.8788e-05 303
1685266879785 1.8784000000000002e-05 304
1685266879855 1.878e-05 305
1685266879924 1.8776e-05 306
1685266879993 1.8772000000000003e-05 307
1685266880065 1.8768e-05 308
1685266880134 1.8764000000000002e-05 309
1685266880201 1.876e-05 310
1685266880268 1.8756e-05 311
1685266880335 1.8752000000000003e-05 312
1685266880403 1.8748e-05 313
1685266880471 1.8744000000000002e-05 314
1685266880537 1.8740000000000004e-05 315
1685266880603 1.8736e-05 316
1685266880667 1.8732000000000003e-05 317
1685266880733 1.8728e-05 318
1685266880798 1.8724000000000002e-05 319
1685266880865 1.8720000000000004e-05 320
1685266880931 1.8716000000000002e-05 321
1685266880997 1.8712e-05 322
1685266881062 1.8708e-05 323
1685266881127 1.8704000000000003e-05 324
1685266881196 1.8700000000000004e-05 325
1685266881264 1.8696000000000002e-05 326
1685266881330 1.8692e-05 327
1685266881396 1.8688e-05 328
1685266881463 1.8684000000000003e-05 329
1685266881534 1.8680000000000004e-05 330
1685266881602 1.8676000000000002e-05 331
1685266881667 1.8672e-05 332
1685266881733 1.8668e-05 333
1685266881800 1.8664000000000003e-05 334
1685266881869 1.866e-05 335
1685266881935 1.8656000000000002e-05 336
1685266882001 1.8652e-05 337
1685266882073 1.8648000000000002e-05 338
1685266882141 1.8644000000000003e-05 339
1685266882209 1.864e-05 340
1685266882277 1.8636e-05 341
1685266882343 1.8632e-05 342
1685266882409 1.8628000000000002e-05 343
1685266882476 1.8624000000000003e-05 344
1685266882545 1.862e-05 345
1685266882612 1.8616e-05 346
1685266882680 1.8612e-05 347
1685266882746 1.8608000000000002e-05 348
1685266882813 1.8604000000000003e-05 349
1685266882878 1.86e-05 350
1685266882945 1.8596e-05 351
1685266883011 1.8592e-05 352
1685266883077 1.8588000000000002e-05 353
1685266883141 1.8584000000000004e-05 354
1685266883207 1.858e-05 355
1685266883272 1.8576e-05 356
1685266883338 1.8572e-05 357
1685266883404 1.8568000000000002e-05 358
1685266883469 1.8564e-05 359
1685266883535 1.8560000000000002e-05 360
1685266883602 1.8556e-05 361
1685266883669 1.8552e-05 362
1685266883733 1.8548000000000003e-05 363
1685266883799 1.8544e-05 364
1685266883866 1.8540000000000002e-05 365
1685266883931 1.8536e-05 366
1685266883998 1.8532e-05 367
1685266884066 1.8528000000000003e-05 368
1685266884133 1.8524e-05 369
1685266884199 1.8520000000000002e-05 370
1685266884267 1.8516e-05 371
1685266884333 1.8512e-05 372
1685266884400 1.8508000000000003e-05 373
1685266884469 1.8504e-05 374
1685266884540 1.8500000000000002e-05 375
1685266884607 1.8496e-05 376
1685266884673 1.8492000000000002e-05 377
1685266884738 1.8488e-05 378
1685266884803 1.8484e-05 379
1685266884869 1.8480000000000003e-05 380
1685266884937 1.8476e-05 381
1685266885003 1.8472000000000002e-05 382
1685266885068 1.8468e-05 383
1685266885134 1.8464e-05 384
1685266885199 1.8460000000000003e-05 385
1685266885264 1.8456e-05 386
1685266885329 1.8452000000000002e-05 387
1685266885393 1.8448e-05 388
1685266885458 1.8444e-05 389
1685266885524 1.8440000000000003e-05 390
1685266885590 1.8436e-05 391
1685266885656 1.8432000000000002e-05 392
1685266885723 1.8428e-05 393
1685266885789 1.8424000000000002e-05 394
1685266885857 1.8420000000000003e-05 395
1685266885923 1.8416e-05 396
1685266885988 1.8412000000000003e-05 397
1685266886054 1.8408e-05 398
1685266886120 1.8404000000000002e-05 399
1685266886187 1.8400000000000003e-05 400
1685266886254 1.8396e-05 401
1685266886322 1.8392e-05 402
1685266886388 1.8388e-05 403
1685266886454 1.8384000000000002e-05 404
1685266886518 1.8380000000000004e-05 405
1685266886588 1.8376e-05 406
1685266886653 1.8372e-05 407
1685266886717 1.8368e-05 408
1685266886785 1.8364000000000002e-05 409
1685266886850 1.8360000000000004e-05 410
1685266886916 1.8356000000000002e-05 411
1685266886983 1.8352e-05 412
1685266887049 1.8348e-05 413
1685266887114 1.8344000000000003e-05 414
1685266887179 1.834e-05 415
1685266887244 1.8336000000000002e-05 416
1685266887311 1.8332e-05 417
1685266887382 1.8328e-05 418
1685266887448 1.8324000000000003e-05 419
1685266887514 1.832e-05 420
1685266887579 1.8316e-05 421
1685266887645 1.8312e-05 422
1685266887713 1.8308e-05 423
1685266887779 1.8304000000000003e-05 424
1685266887845 1.83e-05 425
1685266887912 1.8296e-05 426
1685266887977 1.8292e-05 427
1685266888043 1.8288000000000002e-05 428
1685266888108 1.8284000000000003e-05 429
1685266888172 1.828e-05 430
1685266888238 1.8276e-05 431
1685266888303 1.8272e-05 432
1685266888370 1.8268000000000002e-05 433
1685266888436 1.8264000000000003e-05 434
1685266888503 1.826e-05 435
1685266888575 1.8256e-05 436
1685266888640 1.8252e-05 437
1685266888705 1.8248000000000002e-05 438
1685266888772 1.8244e-05 439
1685266888852 1.824e-05 440
1685266888917 1.8236000000000003e-05 441
1685266888983 1.8232e-05 442
1685266889052 1.8228000000000002e-05 443
1685266889117 1.8224e-05 444
1685266889182 1.8220000000000002e-05 445
1685266889252 1.8216000000000003e-05 446
1685266889322 1.8212e-05 447
1685266889398 1.8208000000000003e-05 448
1685266889467 1.8204e-05 449
1685266889535 1.8200000000000002e-05 450
1685266889602 1.8196000000000003e-05 451
1685266889668 1.8192e-05 452
1685266889732 1.8188000000000003e-05 453
1685266889797 1.8184e-05 454
1685266889864 1.8180000000000002e-05 455
1685266889930 1.8176000000000004e-05 456
1685266889995 1.8172e-05 457
1685266890062 1.8168e-05 458
1685266890128 1.8164e-05 459
1685266890193 1.8160000000000002e-05 460
1685266890258 1.8156000000000004e-05 461
1685266890323 1.8152000000000002e-05 462
1685266890389 1.8148e-05 463
1685266890455 1.8144e-05 464
1685266890521 1.8140000000000003e-05 465
1685266890586 1.8136000000000004e-05 466
1685266890651 1.8132000000000002e-05 467
1685266890717 1.8128e-05 468
1685266890782 1.8124e-05 469
1685266890847 1.8120000000000003e-05 470
1685266890912 1.8116000000000004e-05 471
1685266890977 1.8112000000000002e-05 472
1685266891045 1.8108e-05 473
1685266891117 1.8104e-05 474
1685266891183 1.8100000000000003e-05 475
1685266891251 1.8096e-05 476
1685266891316 1.8092000000000002e-05 477
1685266891383 1.8088e-05 478
1685266891449 1.8084e-05 479
1685266891515 1.8080000000000003e-05 480
1685266891582 1.8076e-05 481
1685266891647 1.8072e-05 482
1685266891715 1.8068e-05 483
1685266891786 1.8064000000000002e-05 484
1685266891854 1.8060000000000003e-05 485
1685266891925 1.8056e-05 486
1685266891992 1.8052e-05 487
1685266892059 1.8048e-05 488
1685266892125 1.8044000000000002e-05 489
1685266892190 1.8040000000000003e-05 490
1685266892255 1.8036e-05 491
1685266892320 1.8032e-05 492
1685266892387 1.8028e-05 493
1685266892451 1.8024000000000002e-05 494
1685266892518 1.802e-05 495
1685266892587 1.8016e-05 496
1685266892651 1.8012e-05 497
1685266892717 1.8008e-05 498
1685266892781 1.8004000000000002e-05 499
1685266892833 1.8e-05 500
1685266900516 1.7996000000000002e-05 501
1685266900586 1.7992e-05 502
1685266900653 1.7988e-05 503
1685266900719 1.7984000000000003e-05 504
1685266900784 1.798e-05 505
1685266900849 1.7976000000000002e-05 506
1685266900915 1.7972e-05 507
1685266900980 1.7968e-05 508
1685266901049 1.7964000000000003e-05 509
1685266901116 1.796e-05 510
1685266901184 1.7956000000000002e-05 511
1685266901253 1.7952e-05 512
1685266901319 1.7948e-05 513
1685266901387 1.7944000000000003e-05 514
1685266901455 1.794e-05 515
1685266901518 1.7936000000000002e-05 516
1685266901585 1.7932e-05 517
1685266901650 1.7928000000000002e-05 518
1685266901715 1.7924e-05 519
1685266901780 1.792e-05 520
1685266901846 1.7916000000000003e-05 521
1685266901912 1.7912e-05 522
1685266901980 1.7908000000000002e-05 523
1685266902045 1.7904e-05 524
1685266902109 1.79e-05 525
1685266902173 1.7896000000000003e-05 526
1685266902238 1.7892e-05 527
1685266902304 1.7888000000000002e-05 528
1685266902369 1.7884e-05 529
1685266902435 1.788e-05 530
1685266902504 1.7876000000000003e-05 531
1685266902569 1.7872e-05 532
1685266902634 1.7868000000000002e-05 533
1685266902699 1.7864e-05 534
1685266902767 1.7860000000000002e-05 535
1685266902831 1.7856000000000003e-05 536
1685266902896 1.7852e-05 537
1685266902963 1.7848e-05 538
1685266903039 1.7844e-05 539
1685266903107 1.7840000000000002e-05 540
1685266903173 1.7836000000000003e-05 541
1685266903239 1.7832e-05 542
1685266903302 1.7828e-05 543
1685266903369 1.7824e-05 544
1685266903433 1.7820000000000002e-05 545
1685266903498 1.7816000000000004e-05 546
1685266903562 1.7812e-05 547
1685266903627 1.7808e-05 548
1685266903690 1.7804e-05 549
1685266903754 1.7800000000000002e-05 550
1685266903818 1.7796000000000004e-05 551
1685266903883 1.7792000000000002e-05 552
1685266903949 1.7788e-05 553
1685266904014 1.7784e-05 554
1685266904079 1.7780000000000003e-05 555
1685266904145 1.7776e-05 556
1685266904211 1.7772000000000002e-05 557
1685266904277 1.7768e-05 558
1685266904341 1.7764e-05 559
1685266904406 1.7760000000000003e-05 560
1685266904471 1.7756e-05 561
1685266904535 1.7752e-05 562
1685266904600 1.7748e-05 563
1685266904666 1.7744e-05 564
1685266904731 1.7740000000000003e-05 565
1685266904798 1.7736e-05 566
1685266904862 1.7732000000000002e-05 567
1685266904926 1.7728e-05 568
1685266904992 1.7724000000000002e-05 569
1685266905058 1.7720000000000003e-05 570
1685266905124 1.7716e-05 571
1685266905188 1.7712000000000003e-05 572
1685266905253 1.7708e-05 573
1685266905319 1.7704000000000002e-05 574
1685266905385 1.77e-05 575
1685266905450 1.7696e-05 576
1685266905515 1.7692000000000003e-05 577
1685266905581 1.7688e-05 578
1685266905648 1.7684000000000002e-05 579
1685266905712 1.768e-05 580
1685266905780 1.7676e-05 581
1685266905847 1.7672000000000003e-05 582
1685266905981 1.7668e-05 583
1685266906048 1.7664000000000002e-05 584
1685266906112 1.766e-05 585
1685266906176 1.7656000000000002e-05 586
1685266906241 1.7652000000000003e-05 587
1685266906306 1.7648e-05 588
1685266906370 1.7644000000000003e-05 589
1685266906437 1.764e-05 590
1685266906503 1.7636000000000002e-05 591
1685266906577 1.7632000000000003e-05 592
1685266906646 1.7628e-05 593
1685266906714 1.7624000000000003e-05 594
1685266906783 1.762e-05 595
1685266906852 1.7616000000000002e-05 596
1685266906919 1.7612000000000003e-05 597
1685266906984 1.7608e-05 598
1685266907051 1.7604e-05 599
1685266907118 1.76e-05 600
1685266907184 1.7596000000000002e-05 601
1685266907252 1.7592000000000004e-05 602
1685266907322 1.7588e-05 603
1685266907389 1.7584e-05 604
1685266907456 1.758e-05 605
1685266907524 1.7576000000000002e-05 606
1685266907591 1.7572000000000004e-05 607
1685266907657 1.7568000000000002e-05 608
1685266907725 1.7564e-05 609
1685266907790 1.756e-05 610
1685266907855 1.7556000000000003e-05 611
1685266907922 1.7552e-05 612
1685266907986 1.7548000000000002e-05 613
1685266908053 1.7544e-05 614
1685266908118 1.754e-05 615
1685266908182 1.7536000000000003e-05 616
1685266908248 1.7532e-05 617
1685266908313 1.7528e-05 618
1685266908381 1.7524e-05 619
1685266908446 1.752e-05 620
1685266908519 1.7516000000000003e-05 621
1685266908588 1.7512e-05 622
1685266908654 1.7508e-05 623
1685266908720 1.7504e-05 624
1685266908785 1.7500000000000002e-05 625
1685266908850 1.7496000000000003e-05 626
1685266908917 1.7492e-05 627
1685266908982 1.7488e-05 628
1685266909046 1.7484e-05 629
1685266909111 1.7480000000000002e-05 630
1685266909176 1.7476000000000003e-05 631
1685266909242 1.7472e-05 632
1685266909306 1.7468e-05 633
1685266909374 1.7464e-05 634
1685266909441 1.7460000000000002e-05 635
1685266909506 1.7456e-05 636
1685266909571 1.7452e-05 637
1685266909636 1.7448e-05 638
1685266909704 1.7444e-05 639
1685266909769 1.7440000000000002e-05 640
1685266909834 1.7436e-05 641
1685266909899 1.7432000000000002e-05 642
1685266909963 1.7428e-05 643
1685266910028 1.7424e-05 644
1685266910094 1.7420000000000003e-05 645
1685266910159 1.7416e-05 646
1685266910225 1.7412000000000002e-05 647
1685266910291 1.7408e-05 648
1685266910357 1.7404e-05 649
1685266910422 1.7400000000000003e-05 650
1685266910488 1.7396e-05 651
1685266910553 1.7392000000000002e-05 652
1685266910618 1.7388e-05 653
1685266910683 1.7384e-05 654
1685266910749 1.7380000000000003e-05 655
1685266910814 1.7376e-05 656
1685266910879 1.7372000000000002e-05 657
1685266910944 1.7368e-05 658
1685266911009 1.7364000000000002e-05 659
1685266911073 1.736e-05 660
1685266911139 1.7356e-05 661
1685266911204 1.7352000000000003e-05 662
1685266911270 1.7348e-05 663
1685266911335 1.7344000000000002e-05 664
1685266911404 1.734e-05 665
1685266911469 1.7336e-05 666
1685266911534 1.7332000000000003e-05 667
1685266911601 1.7328e-05 668
1685266911666 1.7324000000000002e-05 669
1685266911731 1.732e-05 670
1685266911796 1.7316e-05 671
1685266911863 1.7312000000000003e-05 672
1685266911928 1.7308e-05 673
1685266911993 1.7304000000000002e-05 674
1685266912059 1.73e-05 675
1685266912124 1.7296000000000002e-05 676
1685266912189 1.7292000000000003e-05 677
1685266912253 1.7288e-05 678
1685266912318 1.7284e-05 679
1685266912382 1.728e-05 680
1685266912447 1.7276000000000002e-05 681
1685266912511 1.7272000000000003e-05 682
1685266912580 1.7268e-05 683
1685266912647 1.7264e-05 684
1685266912712 1.726e-05 685
1685266912778 1.7256000000000002e-05 686
1685266912843 1.7252000000000004e-05 687
1685266912909 1.7248e-05 688
1685266912977 1.7244e-05 689
1685266913044 1.724e-05 690
1685266913108 1.7236000000000002e-05 691
1685266913174 1.7232000000000004e-05 692
1685266913242 1.7228000000000002e-05 693
1685266913315 1.7224e-05 694
1685266913381 1.722e-05 695
1685266913449 1.7216000000000003e-05 696
1685266913520 1.7212e-05 697
1685266913588 1.7208000000000002e-05 698
1685266913661 1.7204e-05 699
1685266913728 1.72e-05 700
1685266913796 1.7196000000000003e-05 701
1685266913865 1.7192e-05 702
1685266913935 1.7188000000000002e-05 703
1685266914001 1.7184e-05 704
1685266914068 1.718e-05 705
1685266914134 1.7176000000000003e-05 706
1685266914199 1.7172e-05 707
1685266914264 1.7168000000000002e-05 708
1685266914330 1.7164e-05 709
1685266914396 1.7160000000000002e-05 710
1685266914462 1.7156000000000003e-05 711
1685266914528 1.7152e-05 712
1685266914593 1.7148000000000003e-05 713
1685266914657 1.7144e-05 714
1685266914724 1.7140000000000002e-05 715
1685266914789 1.7136e-05 716
1685266914855 1.7132e-05 717
1685266914919 1.7128000000000003e-05 718
1685266914984 1.7124e-05 719
1685266915051 1.7120000000000002e-05 720
1685266915118 1.7116e-05 721
1685266915183 1.7112e-05 722
1685266915250 1.7108000000000003e-05 723
1685266915317 1.7104e-05 724
1685266915384 1.7100000000000002e-05 725
1685266915451 1.7096e-05 726
1685266915515 1.7092000000000002e-05 727
1685266915581 1.7088000000000003e-05 728
1685266915649 1.7084e-05 729
1685266915714 1.7080000000000002e-05 730
1685266915780 1.7076e-05 731
1685266915848 1.7072000000000002e-05 732
1685266915914 1.7068000000000003e-05 733
1685266915978 1.7064e-05 734
1685266916042 1.7060000000000003e-05 735
1685266916108 1.7056e-05 736
1685266916173 1.7052000000000002e-05 737
1685266916237 1.7048000000000003e-05 738
1685266916302 1.7044e-05 739
1685266916368 1.704e-05 740
1685266916433 1.7036e-05 741
1685266916499 1.7032000000000002e-05 742
1685266916565 1.7028000000000004e-05 743
1685266916630 1.7024e-05 744
1685266916703 1.702e-05 745
1685266916769 1.7016e-05 746
1685266916838 1.7012000000000002e-05 747
1685266916904 1.7008000000000004e-05 748
1685266916969 1.7004000000000002e-05 749
1685266917021 1.7e-05 750
1685266925301 1.6996e-05 751
1685266925372 1.6992000000000003e-05 752
1685266925439 1.6988e-05 753
1685266925504 1.6984000000000002e-05 754
1685266925572 1.698e-05 755
1685266925640 1.6976e-05 756
1685266925705 1.6972000000000003e-05 757
1685266925771 1.6968e-05 758
1685266925838 1.6964e-05 759
1685266925904 1.696e-05 760
1685266925970 1.6956e-05 761
1685266926036 1.6952000000000003e-05 762
1685266926101 1.6948e-05 763
1685266926166 1.6944e-05 764
1685266926231 1.694e-05 765
1685266926296 1.6936000000000002e-05 766
1685266926362 1.6932000000000003e-05 767
1685266926427 1.6928e-05 768
1685266926493 1.6924e-05 769
1685266926558 1.692e-05 770
1685266926622 1.6916000000000002e-05 771
1685266926688 1.6912000000000003e-05 772
1685266926754 1.6908e-05 773
1685266926820 1.6904e-05 774
1685266926885 1.69e-05 775
1685266926952 1.6896000000000002e-05 776
1685266927017 1.6892e-05 777
1685266927083 1.6888e-05 778
1685266927149 1.6884e-05 779
1685266927217 1.688e-05 780
1685266927293 1.6876000000000002e-05 781
1685266927360 1.6872e-05 782
1685266927425 1.6868000000000002e-05 783
1685266927490 1.6864e-05 784
1685266927556 1.686e-05 785
1685266927621 1.6856000000000003e-05 786
1685266927688 1.6852e-05 787
1685266927753 1.6848000000000002e-05 788
1685266927821 1.6844e-05 789
1685266927887 1.684e-05 790
1685266927953 1.6836000000000003e-05 791
1685266928018 1.6832e-05 792
1685266928085 1.6828000000000002e-05 793
1685266928150 1.6824e-05 794
1685266928215 1.682e-05 795
1685266928280 1.6816e-05 796
1685266928347 1.6812e-05 797
1685266928413 1.6808000000000002e-05 798
1685266928479 1.6804e-05 799
1685266928546 1.6800000000000002e-05 800
1685266928611 1.6796e-05 801
1685266928676 1.6792e-05 802
1685266928742 1.6788000000000003e-05 803
1685266928808 1.6784e-05 804
1685266928877 1.6780000000000002e-05 805
1685266928943 1.6776e-05 806
1685266929009 1.6772e-05 807
1685266929074 1.6768000000000003e-05 808
1685266929141 1.6764e-05 809
1685266929209 1.6760000000000002e-05 810
1685266929285 1.6756e-05 811
1685266929350 1.6752e-05 812
1685266929415 1.6748000000000003e-05 813
1685266929480 1.6744e-05 814
1685266929546 1.6740000000000002e-05 815
1685266929613 1.6736e-05 816
1685266929681 1.6732000000000002e-05 817
1685266929748 1.6728000000000003e-05 818
1685266929813 1.6724e-05 819
1685266929881 1.672e-05 820
1685266929949 1.6716e-05 821
1685266930020 1.6712000000000002e-05 822
1685266930088 1.6708000000000003e-05 823
1685266930153 1.6704e-05 824
1685266930220 1.67e-05 825
1685266930287 1.6696e-05 826
1685266930353 1.6692000000000002e-05 827
1685266930419 1.6688000000000004e-05 828
1685266930486 1.6684e-05 829
1685266930553 1.668e-05 830
1685266930618 1.6676e-05 831
1685266930684 1.6672000000000002e-05 832
1685266930750 1.6668e-05 833
1685266930816 1.6664000000000002e-05 834
1685266930916 1.666e-05 835
1685266930985 1.6656e-05 836
1685266931052 1.6652000000000003e-05 837
1685266931117 1.6648e-05 838
1685266931184 1.6644000000000002e-05 839
1685266931249 1.664e-05 840
1685266931327 1.6636e-05 841
1685266931400 1.6632000000000003e-05 842
1685266931474 1.6628e-05 843
1685266931547 1.6624000000000002e-05 844
1685266931617 1.662e-05 845
1685266931685 1.6616e-05 846
1685266931764 1.6612000000000003e-05 847
1685266931832 1.6608e-05 848
1685266931902 1.6604000000000002e-05 849
1685266931973 1.66e-05 850
1685266932044 1.6596000000000002e-05 851
1685266932110 1.6592000000000003e-05 852
1685266932177 1.6588e-05 853
1685266932244 1.6584000000000002e-05 854
1685266932310 1.658e-05 855
1685266932378 1.6576000000000002e-05 856
1685266932444 1.6572e-05 857
1685266932509 1.6568e-05 858
1685266932580 1.6564000000000003e-05 859
1685266932645 1.656e-05 860
1685266932715 1.6556000000000002e-05 861
1685266932785 1.6552e-05 862
1685266932852 1.6548e-05 863
1685266932919 1.6544000000000003e-05 864
1685266932983 1.654e-05 865
1685266933052 1.6536000000000002e-05 866
1685266933117 1.6532e-05 867
1685266933182 1.6528e-05 868
1685266933250 1.6524000000000003e-05 869
1685266933320 1.652e-05 870
1685266933386 1.6516000000000002e-05 871
1685266933454 1.6512e-05 872
1685266933520 1.6508000000000002e-05 873
1685266933585 1.6504000000000003e-05 874
1685266933653 1.65e-05 875
1685266933720 1.6496e-05 876
1685266933788 1.6492e-05 877
1685266933857 1.6488000000000002e-05 878
1685266933922 1.6484000000000003e-05 879
1685266933990 1.648e-05 880
1685266934058 1.6476e-05 881
1685266934123 1.6472e-05 882
1685266934188 1.6468000000000002e-05 883
1685266934255 1.6464000000000004e-05 884
1685266934320 1.646e-05 885
1685266934385 1.6456e-05 886
1685266934451 1.6452e-05 887
1685266934517 1.6448000000000002e-05 888
1685266934584 1.6444000000000004e-05 889
1685266934649 1.6440000000000002e-05 890
1685266934717 1.6436e-05 891
1685266934784 1.6432e-05 892
1685266934849 1.6428000000000003e-05 893
1685266934914 1.6424e-05 894
1685266934980 1.6420000000000002e-05 895
1685266935045 1.6416e-05 896
1685266935110 1.6412e-05 897
1685266935176 1.6408000000000003e-05 898
1685266935241 1.6404e-05 899
1685266935307 1.64e-05 900
1685266935374 1.6396e-05 901
1685266935439 1.6392e-05 902
1685266935510 1.6388000000000003e-05 903
1685266935577 1.6384e-05 904
1685266935643 1.638e-05 905
1685266935708 1.6376e-05 906
1685266935775 1.6372000000000002e-05 907
1685266935841 1.6368000000000003e-05 908
1685266935905 1.6364e-05 909
1685266935970 1.636e-05 910
1685266936035 1.6356e-05 911
1685266936101 1.6352000000000002e-05 912
1685266936166 1.6348e-05 913
1685266936230 1.6344e-05 914
1685266936300 1.634e-05 915
1685266936368 1.6336e-05 916
1685266936438 1.6332000000000002e-05 917
1685266936507 1.6328e-05 918
1685266936572 1.6324e-05 919
1685266936637 1.632e-05 920
1685266936702 1.6316e-05 921
1685266936768 1.6312000000000002e-05 922
1685266936837 1.6308e-05 923
1685266936903 1.6304000000000002e-05 924
1685266936968 1.63e-05 925
1685266937034 1.6296e-05 926
1685266937101 1.6292000000000003e-05 927
1685266937166 1.6288e-05 928
1685266937231 1.6284000000000002e-05 929
1685266937296 1.628e-05 930
1685266937363 1.6276e-05 931
1685266937428 1.6272000000000003e-05 932
1685266937496 1.6268e-05 933
1685266937561 1.6264000000000002e-05 934
1685266937627 1.626e-05 935
1685266937694 1.6256e-05 936
1685266937760 1.6252e-05 937
1685266937827 1.6248e-05 938
1685266937893 1.6244000000000002e-05 939
1685266937962 1.6240000000000004e-05 940
1685266938027 1.6236000000000002e-05 941
1685266938092 1.6232e-05 942
1685266938158 1.6228e-05 943
1685266938224 1.6224000000000003e-05 944
1685266938288 1.6220000000000004e-05 945
1685266938355 1.6216000000000002e-05 946
1685266938421 1.6212e-05 947
1685266938486 1.6208e-05 948
1685266938552 1.6204000000000003e-05 949
1685266938617 1.62e-05 950
1685266938683 1.6196000000000002e-05 951
1685266938749 1.6192e-05 952
1685266938813 1.6188e-05 953
1685266938878 1.6184000000000003e-05 954
1685266938948 1.618e-05 955
1685266939013 1.6176e-05 956
1685266939081 1.6172e-05 957
1685266939148 1.6168000000000002e-05 958
1685266939216 1.6164000000000003e-05 959
1685266939282 1.616e-05 960
1685266939348 1.6156e-05 961
1685266939414 1.6152e-05 962
1685266939481 1.6148000000000002e-05 963
1685266939553 1.6144000000000003e-05 964
1685266939619 1.614e-05 965
1685266939684 1.6136e-05 966
1685266939750 1.6132e-05 967
1685266939815 1.6128000000000002e-05 968
1685266939880 1.6124000000000004e-05 969
1685266939945 1.612e-05 970
1685266940012 1.6116e-05 971
1685266940080 1.6112e-05 972
1685266940147 1.6108000000000002e-05 973
1685266940213 1.6104e-05 974
1685266940279 1.6100000000000002e-05 975
1685266940346 1.6096e-05 976
1685266940412 1.6092e-05 977
1685266940480 1.6088000000000002e-05 978
1685266940548 1.6084e-05 979
1685266940613 1.6080000000000002e-05 980
1685266940679 1.6076e-05 981
1685266940746 1.6072e-05 982
1685266940811 1.6068000000000003e-05 983
1685266940875 1.6064e-05 984
1685266940939 1.6060000000000002e-05 985
1685266941005 1.6056e-05 986
1685266941070 1.6052e-05 987
1685266941137 1.6048000000000003e-05 988
1685266941202 1.6044e-05 989
1685266941266 1.6040000000000002e-05 990
1685266941332 1.6036e-05 991
1685266941398 1.6032e-05 992
1685266941465 1.6028e-05 993
1685266941538 1.6024e-05 994
1685266941603 1.6020000000000002e-05 995
1685266941668 1.6016e-05 996
1685266941735 1.6012000000000002e-05 997
1685266941802 1.6008e-05 998
1685266941866 1.6004e-05 999
1685266941920 1.6000000000000003e-05 1000
1685266952008 1.5996e-05 1001
1685266952077 1.5992000000000002e-05 1002
1685266952143 1.5988e-05 1003
1685266952208 1.5984e-05 1004
1685266952272 1.5980000000000003e-05 1005
1685266952338 1.5976e-05 1006
1685266952403 1.5972000000000002e-05 1007
1685266952471 1.5968e-05 1008
1685266952538 1.5964e-05 1009
1685266952604 1.5960000000000003e-05 1010
1685266952673 1.5956e-05 1011
1685266952743 1.5952000000000002e-05 1012
1685266952812 1.5948e-05 1013
1685266952886 1.5944000000000002e-05 1014
1685266952956 1.5940000000000003e-05 1015
1685266953026 1.5936e-05 1016
1685266953093 1.5932e-05 1017
1685266953159 1.5928e-05 1018
1685266953224 1.5924000000000002e-05 1019
1685266953290 1.5920000000000003e-05 1020
1685266953357 1.5916e-05 1021
1685266953425 1.5912e-05 1022
1685266953495 1.5908e-05 1023
1685266953562 1.5904000000000002e-05 1024
1685266953628 1.5900000000000004e-05 1025
1685266953694 1.5896e-05 1026
1685266953760 1.5892e-05 1027
1685266953827 1.5888e-05 1028
1685266953891 1.5884000000000002e-05 1029
1685266953957 1.588e-05 1030
1685266954022 1.5876000000000002e-05 1031
1685266954088 1.5872e-05 1032
1685266954154 1.5868e-05 1033
1685266954223 1.5864000000000003e-05 1034
1685266954289 1.586e-05 1035
1685266954356 1.5856e-05 1036
1685266954422 1.5852e-05 1037
1685266954487 1.5848e-05 1038
1685266954553 1.5844000000000003e-05 1039
1685266954618 1.584e-05 1040
1685266954687 1.5836e-05 1041
1685266954760 1.5832e-05 1042
1685266954832 1.5828e-05 1043
1685266954900 1.5824000000000003e-05 1044
1685266954964 1.582e-05 1045
1685266955031 1.5816e-05 1046
1685266955096 1.5812e-05 1047
1685266955161 1.5808000000000002e-05 1048
1685266955227 1.5804000000000003e-05 1049
1685266955292 1.58e-05 1050
1685266955361 1.5796e-05 1051
1685266955427 1.5792e-05 1052
1685266955493 1.5788000000000002e-05 1053
1685266955558 1.5784e-05 1054
1685266955626 1.578e-05 1055
1685266955693 1.5776e-05 1056
1685266955760 1.5772e-05 1057
1685266955825 1.5768000000000002e-05 1058
1685266955892 1.5764e-05 1059
1685266955958 1.576e-05 1060
1685266956023 1.5756e-05 1061
1685266956088 1.5752e-05 1062
1685266956153 1.5748000000000002e-05 1063
1685266956223 1.5744e-05 1064
1685266956289 1.5740000000000002e-05 1065
1685266956355 1.5736000000000003e-05 1066
1685266956420 1.5732e-05 1067
1685266956486 1.5728000000000003e-05 1068
1685266956552 1.5724e-05 1069
1685266956616 1.5720000000000002e-05 1070
1685266956683 1.5716000000000003e-05 1071
1685266956748 1.5712e-05 1072
1685266956813 1.5708e-05 1073
1685266956877 1.5704e-05 1074
1685266956942 1.5700000000000002e-05 1075
1685266957008 1.5696000000000004e-05 1076
1685266957074 1.5692e-05 1077
1685266957141 1.5688e-05 1078
1685266957212 1.5684e-05 1079
1685266957279 1.5680000000000002e-05 1080
1685266957346 1.5676000000000004e-05 1081
1685266957414 1.5672000000000002e-05 1082
1685266957479 1.5668e-05 1083
1685266957546 1.5664e-05 1084
1685266957616 1.5660000000000003e-05 1085
1685266957684 1.5656000000000004e-05 1086
1685266957756 1.5652000000000002e-05 1087
1685266957827 1.5648e-05 1088
1685266957903 1.5644e-05 1089
1685266957971 1.5640000000000003e-05 1090
1685266958040 1.5636e-05 1091
1685266958108 1.5632000000000002e-05 1092
1685266958173 1.5628e-05 1093
1685266958243 1.5624e-05 1094
1685266958312 1.5620000000000003e-05 1095
1685266958382 1.5616e-05 1096
1685266958449 1.5612e-05 1097
1685266958515 1.5608e-05 1098
1685266958579 1.5604000000000002e-05 1099
1685266958644 1.5600000000000003e-05 1100
1685266958712 1.5596e-05 1101
1685266958777 1.5592e-05 1102
1685266958842 1.5588e-05 1103
1685266958908 1.5584000000000002e-05 1104
1685266958973 1.5580000000000003e-05 1105
1685266959037 1.5576e-05 1106
1685266959107 1.5572e-05 1107
1685266959175 1.5568e-05 1108
1685266959243 1.5564000000000002e-05 1109
1685266959308 1.556e-05 1110
1685266959375 1.5556e-05 1111
1685266959442 1.5552e-05 1112
1685266959514 1.5548e-05 1113
1685266959585 1.5544000000000002e-05 1114
1685266959653 1.554e-05 1115
1685266959721 1.5536e-05 1116
1685266959790 1.5532e-05 1117
1685266959861 1.5528e-05 1118
1685266959929 1.5524000000000002e-05 1119
1685266959998 1.552e-05 1120
1685266960068 1.5516000000000002e-05 1121
1685266960139 1.5512e-05 1122
1685266960210 1.5508e-05 1123
1685266960277 1.5504000000000003e-05 1124
1685266960492 1.55e-05 1125
1685266960565 1.5496000000000002e-05 1126
1685266960637 1.5492e-05 1127
1685266960707 1.5488e-05 1128
1685266960776 1.5484000000000003e-05 1129
1685266960847 1.548e-05 1130
1685266960918 1.5476000000000002e-05 1131
1685266960986 1.5472e-05 1132
1685266961053 1.5468e-05 1133
1685266961120 1.5464e-05 1134
1685266961190 1.546e-05 1135
1685266961260 1.5456000000000002e-05 1136
1685266961329 1.5452e-05 1137
1685266961395 1.5448000000000002e-05 1138
1685266961463 1.5444e-05 1139
1685266961532 1.544e-05 1140
1685266961603 1.5436000000000003e-05 1141
1685266961670 1.5432e-05 1142
1685266961743 1.5428000000000002e-05 1143
1685266961814 1.5424e-05 1144
1685266961881 1.542e-05 1145
1685266961955 1.5416000000000003e-05 1146
1685266962025 1.5412e-05 1147
1685266962094 1.5408000000000002e-05 1148
1685266962164 1.5404e-05 1149
1685266962233 1.54e-05 1150
1685266962307 1.5396000000000003e-05 1151
1685266962381 1.5392e-05 1152
1685266962450 1.5388e-05 1153
1685266962519 1.5384e-05 1154
1685266962589 1.5380000000000002e-05 1155
1685266962654 1.5376000000000003e-05 1156
1685266962724 1.5372e-05 1157
1685266962790 1.5368e-05 1158
1685266962864 1.5364e-05 1159
1685266962933 1.5360000000000002e-05 1160
1685266963000 1.5356000000000003e-05 1161
1685266963066 1.5352e-05 1162
1685266963139 1.5348e-05 1163
1685266963213 1.5344e-05 1164
1685266963283 1.5340000000000002e-05 1165
1685266963354 1.5336000000000004e-05 1166
1685266963428 1.5332e-05 1167
1685266963496 1.5328e-05 1168
1685266963565 1.5324e-05 1169
1685266963632 1.5320000000000002e-05 1170
1685266963704 1.5316e-05 1171
1685266963775 1.5312000000000002e-05 1172
1685266963844 1.5308e-05 1173
1685266963912 1.5304e-05 1174
1685266963983 1.5300000000000003e-05 1175
1685266964062 1.5296e-05 1176
1685266964131 1.5292e-05 1177
1685266964199 1.5288e-05 1178
1685266964275 1.5284e-05 1179
1685266964347 1.5280000000000003e-05 1180
1685266964414 1.5276e-05 1181
1685266964492 1.5272e-05 1182
1685266964563 1.5268e-05 1183
1685266964633 1.5264e-05 1184
1685266964706 1.5260000000000003e-05 1185
1685266964775 1.5256000000000003e-05 1186
1685266964848 1.5252e-05 1187
1685266964919 1.5248e-05 1188
1685266964994 1.5244000000000002e-05 1189
1685266965064 1.5240000000000001e-05 1190
1685266965138 1.5236000000000001e-05 1191
1685266965209 1.5232000000000003e-05 1192
1685266965282 1.5228e-05 1193
1685266965360 1.5224e-05 1194
1685266965430 1.5220000000000002e-05 1195
1685266965501 1.5216000000000001e-05 1196
1685266965574 1.5212000000000003e-05 1197
1685266965649 1.5208e-05 1198
1685266965724 1.5204e-05 1199
1685266965794 1.5200000000000002e-05 1200
1685266965873 1.5196000000000002e-05 1201
1685266965950 1.5192000000000003e-05 1202
1685266966017 1.5188000000000001e-05 1203
1685266966088 1.5184e-05 1204
1685266966163 1.5180000000000002e-05 1205
1685266966236 1.5176000000000002e-05 1206
1685266966308 1.5172000000000001e-05 1207
1685266966385 1.5168000000000001e-05 1208
1685266966466 1.5164e-05 1209
1685266966536 1.516e-05 1210
1685266966618 1.5156000000000002e-05 1211
1685266966689 1.5152000000000002e-05 1212
1685266966768 1.5148e-05 1213
1685266966838 1.5144000000000001e-05 1214
1685266966907 1.514e-05 1215
1685266966976 1.5136000000000002e-05 1216
1685266967044 1.5132000000000002e-05 1217
1685266967118 1.5128e-05 1218
1685266967189 1.5124000000000001e-05 1219
1685266967264 1.5120000000000001e-05 1220
1685266967339 1.5116000000000002e-05 1221
1685266967409 1.5112000000000002e-05 1222
1685266967482 1.5108e-05 1223
1685266967554 1.5104000000000001e-05 1224
1685266967627 1.5100000000000001e-05 1225
1685266967695 1.5096000000000003e-05 1226
1685266967768 1.5092000000000002e-05 1227
1685266967837 1.5088e-05 1228
1685266967904 1.5084000000000002e-05 1229
1685266967970 1.5080000000000001e-05 1230
1685266968049 1.5076000000000001e-05 1231
1685266968130 1.5072000000000002e-05 1232
1685266968198 1.5068e-05 1233
1685266968278 1.5064e-05 1234
1685266968349 1.5060000000000001e-05 1235
1685266968418 1.5056000000000001e-05 1236
1685266968493 1.5052000000000003e-05 1237
1685266968568 1.5048e-05 1238
1685266968647 1.5044e-05 1239
1685266968718 1.5040000000000002e-05 1240
1685266968792 1.5036000000000001e-05 1241
1685266968866 1.5032000000000003e-05 1242
1685266968937 1.5028e-05 1243
1685266969008 1.5024e-05 1244
1685266969077 1.5020000000000002e-05 1245
1685266969146 1.5016000000000002e-05 1246
1685266969215 1.5012000000000001e-05 1247
1685266969283 1.5008000000000001e-05 1248
1685266969358 1.5004e-05 1249
1685266969411 1.5000000000000002e-05 1250
1685266977516 1.4996000000000002e-05 1251
1685266977660 1.4992000000000001e-05 1252
1685266977769 1.4988000000000001e-05 1253
1685266977868 1.4984000000000001e-05 1254
1685266977971 1.498e-05 1255
1685266978086 1.4976000000000002e-05 1256
1685266978173 1.4972000000000002e-05 1257
1685266978277 1.4968e-05 1258
1685266978370 1.4964000000000001e-05 1259
1685266978452 1.496e-05 1260
1685266978548 1.4956000000000002e-05 1261
1685266978619 1.4952000000000002e-05 1262
1685266978695 1.4948e-05 1263
1685266978764 1.4944000000000001e-05 1264
1685266978864 1.4940000000000001e-05 1265
1685266978956 1.4936000000000002e-05 1266
1685266979043 1.4932000000000002e-05 1267
1685266979116 1.4928e-05 1268
1685266979183 1.4924000000000001e-05 1269
1685266979256 1.4920000000000001e-05 1270
1685266979327 1.4916e-05 1271
1685266979397 1.4912000000000002e-05 1272
1685266979472 1.4908e-05 1273
1685266979542 1.4904e-05 1274
1685266979608 1.4900000000000001e-05 1275
1685266979674 1.4896000000000001e-05 1276
1685266979746 1.4892000000000002e-05 1277
1685266979820 1.4888e-05 1278
1685266979888 1.4884e-05 1279
1685266979959 1.4880000000000002e-05 1280
1685266980029 1.4876000000000001e-05 1281
1685266980101 1.4872000000000003e-05 1282
1685266980177 1.4868e-05 1283
1685266980251 1.4864e-05 1284
1685266980323 1.4860000000000002e-05 1285
1685266980403 1.4856000000000001e-05 1286
1685266980477 1.4852000000000003e-05 1287
1685266980560 1.4848e-05 1288
1685266980646 1.4844e-05 1289
1685266980716 1.4840000000000002e-05 1290
1685266980794 1.4836000000000002e-05 1291
1685266980866 1.4832000000000001e-05 1292
1685266980938 1.4828000000000001e-05 1293
1685266981011 1.4824e-05 1294
1685266981089 1.482e-05 1295
1685266981162 1.4816000000000002e-05 1296
1685266981239 1.4812000000000002e-05 1297
1685266981323 1.4808e-05 1298
1685266981412 1.4804000000000001e-05 1299
1685266981499 1.48e-05 1300
1685266981574 1.4796000000000002e-05 1301
1685266981662 1.4792000000000002e-05 1302
1685266981736 1.4788e-05 1303
1685266981810 1.4784000000000001e-05 1304
1685266981886 1.478e-05 1305
1685266981963 1.4776000000000002e-05 1306
1685266982033 1.4772000000000002e-05 1307
1685266982108 1.4768e-05 1308
1685266982178 1.4764000000000001e-05 1309
1685266982249 1.4760000000000001e-05 1310
1685266982320 1.4756e-05 1311
1685266982395 1.4752000000000002e-05 1312
1685266982464 1.4748000000000002e-05 1313
1685266982533 1.4744e-05 1314
1685266982605 1.4740000000000001e-05 1315
1685266982679 1.4736000000000001e-05 1316
1685266982747 1.4732000000000002e-05 1317
1685266982818 1.4728000000000002e-05 1318
1685266982887 1.4724e-05 1319
1685266982966 1.4720000000000001e-05 1320
1685266983043 1.4716000000000001e-05 1321
1685266983124 1.4712000000000002e-05 1322
1685266983199 1.4708000000000002e-05 1323
1685266983269 1.4704e-05 1324
1685266983341 1.4700000000000002e-05 1325
1685266983417 1.4696000000000001e-05 1326
1685266983503 1.4692000000000003e-05 1327
1685266983577 1.4688000000000002e-05 1328
1685266983649 1.4684e-05 1329
1685266983725 1.4680000000000002e-05 1330
1685266983794 1.4676000000000001e-05 1331
1685266983869 1.4672000000000001e-05 1332
1685266983941 1.4668000000000003e-05 1333
1685266984013 1.4664e-05 1334
1685266984094 1.466e-05 1335
1685266984169 1.4656000000000002e-05 1336
1685266984246 1.4652000000000001e-05 1337
1685266984320 1.4648000000000003e-05 1338
1685266984390 1.4644e-05 1339
1685266984464 1.464e-05 1340
1685266984535 1.4636000000000002e-05 1341
1685266984606 1.4632000000000002e-05 1342
1685266984688 1.4628000000000003e-05 1343
1685266984759 1.4624000000000001e-05 1344
1685266984830 1.462e-05 1345
1685266984900 1.4616000000000002e-05 1346
1685266984973 1.4612000000000002e-05 1347
1685266985043 1.4608000000000001e-05 1348
1685266985115 1.4604000000000001e-05 1349
1685266985189 1.46e-05 1350
1685266985265 1.4596e-05 1351
1685266985339 1.4592000000000002e-05 1352
1685266985409 1.4588000000000002e-05 1353
1685266985483 1.4584e-05 1354
1685266985558 1.4580000000000001e-05 1355
1685266985626 1.4576e-05 1356
1685266985695 1.4572000000000002e-05 1357
1685266985760 1.4568000000000002e-05 1358
1685266985831 1.4564e-05 1359
1685266985979 1.4560000000000001e-05 1360
1685266986050 1.4556000000000001e-05 1361
1685266986122 1.4552000000000002e-05 1362
1685266986193 1.4548000000000002e-05 1363
1685266986264 1.4544e-05 1364
1685266986339 1.4540000000000001e-05 1365
1685266986407 1.4536000000000001e-05 1366
1685266986475 1.4532000000000002e-05 1367
1685266986542 1.4528000000000002e-05 1368
1685266986608 1.4524e-05 1369
1685266986679 1.4520000000000002e-05 1370
1685266986750 1.4516000000000001e-05 1371
1685266986825 1.4512000000000001e-05 1372
1685266986899 1.4508000000000002e-05 1373
1685266986974 1.4504e-05 1374
1685266987047 1.45e-05 1375
1685266987121 1.4496000000000001e-05 1376
1685266987193 1.4492000000000001e-05 1377
1685266987273 1.4488000000000003e-05 1378
1685266987361 1.4484e-05 1379
1685266987450 1.448e-05 1380
1685266987527 1.4476000000000002e-05 1381
1685266987609 1.4472000000000001e-05 1382
1685266987682 1.4468000000000003e-05 1383
1685266987750 1.4464e-05 1384
1685266987830 1.446e-05 1385
1685266987903 1.4456000000000002e-05 1386
1685266987982 1.4452000000000002e-05 1387
1685266988052 1.4448000000000001e-05 1388
1685266988125 1.4444000000000001e-05 1389
1685266988197 1.444e-05 1390
1685266988273 1.4436e-05 1391
1685266988344 1.4432000000000002e-05 1392
1685266988419 1.4428000000000001e-05 1393
1685266988492 1.4424e-05 1394
1685266988566 1.4420000000000001e-05 1395
1685266988637 1.4416e-05 1396
1685266988707 1.4412000000000002e-05 1397
1685266988783 1.4408000000000002e-05 1398
1685266988852 1.4404e-05 1399
1685266988924 1.4400000000000001e-05 1400
1685266989003 1.4396e-05 1401
1685266989076 1.4392000000000002e-05 1402
1685266989149 1.4388000000000002e-05 1403
1685266989218 1.4384e-05 1404
1685266989289 1.4380000000000001e-05 1405
1685266989365 1.4376000000000001e-05 1406
1685266989446 1.4372000000000002e-05 1407
1685266989520 1.4368000000000002e-05 1408
1685266989592 1.4364e-05 1409
1685266989678 1.4360000000000001e-05 1410
1685266989754 1.4356000000000001e-05 1411
1685266989827 1.4352e-05 1412
1685266989894 1.4348000000000002e-05 1413
1685266989966 1.4344e-05 1414
1685266990040 1.434e-05 1415
1685266990115 1.4336000000000001e-05 1416
1685266990190 1.4332000000000001e-05 1417
1685266990259 1.4328000000000002e-05 1418
1685266990327 1.4324e-05 1419
1685266990398 1.432e-05 1420
1685266990472 1.4316000000000002e-05 1421
1685266990542 1.4312000000000001e-05 1422
1685266990613 1.4308000000000003e-05 1423
1685266990685 1.4304e-05 1424
1685266990755 1.43e-05 1425
1685266990827 1.4296000000000002e-05 1426
1685266990900 1.4292000000000001e-05 1427
1685266990974 1.4288000000000001e-05 1428
1685266991040 1.4284e-05 1429
1685266991105 1.428e-05 1430
1685266991172 1.4276e-05 1431
1685266991251 1.4272000000000002e-05 1432
1685266991320 1.4268000000000001e-05 1433
1685266991389 1.4264e-05 1434
1685266991459 1.426e-05 1435
1685266991529 1.4256e-05 1436
1685266991596 1.4252000000000002e-05 1437
1685266991663 1.4248000000000001e-05 1438
1685266991729 1.4244000000000003e-05 1439
1685266991795 1.4240000000000001e-05 1440
1685266991864 1.4236e-05 1441
1685266991932 1.4232000000000002e-05 1442
1685266991997 1.4228000000000002e-05 1443
1685266992064 1.4224000000000003e-05 1444
1685266992129 1.4220000000000001e-05 1445
1685266992198 1.4216e-05 1446
1685266992265 1.4212000000000002e-05 1447
1685266992332 1.4208000000000002e-05 1448
1685266992399 1.4204000000000002e-05 1449
1685266992465 1.4200000000000001e-05 1450
1685266992535 1.4196000000000001e-05 1451
1685266992605 1.4192e-05 1452
1685266992672 1.4188000000000002e-05 1453
1685266992739 1.4184000000000002e-05 1454
1685266992804 1.418e-05 1455
1685266992869 1.4176000000000001e-05 1456
1685266992936 1.4172000000000001e-05 1457
1685266993009 1.4168000000000002e-05 1458
1685266993074 1.4164000000000002e-05 1459
1685266993142 1.416e-05 1460
1685266993208 1.4156000000000001e-05 1461
1685266993276 1.4152000000000001e-05 1462
1685266993343 1.4148000000000002e-05 1463
1685266993410 1.4144000000000002e-05 1464
1685266993475 1.414e-05 1465
1685266993541 1.4136000000000002e-05 1466
1685266993607 1.4132000000000001e-05 1467
1685266993673 1.4128000000000001e-05 1468
1685266993739 1.4124000000000002e-05 1469
1685266993806 1.412e-05 1470
1685266993872 1.4116e-05 1471
1685266993940 1.4112000000000001e-05 1472
1685266994006 1.4108000000000001e-05 1473
1685266994073 1.4104000000000003e-05 1474
1685266994139 1.41e-05 1475
1685266994208 1.4096e-05 1476
1685266994276 1.4092000000000002e-05 1477
1685266994343 1.4088000000000001e-05 1478
1685266994411 1.4084000000000003e-05 1479
1685266994477 1.408e-05 1480
1685266994543 1.4076e-05 1481
1685266994609 1.4072000000000002e-05 1482
1685266994677 1.4068000000000002e-05 1483
1685266994742 1.4064000000000003e-05 1484
1685266994808 1.4060000000000001e-05 1485
1685266994874 1.4056e-05 1486
1685266994941 1.4052000000000002e-05 1487
1685266995008 1.4048000000000002e-05 1488
1685266995074 1.4044000000000001e-05 1489
1685266995140 1.4040000000000001e-05 1490
1685266995207 1.4036e-05 1491
1685266995273 1.4032e-05 1492
1685266995340 1.4028000000000002e-05 1493
1685266995407 1.4024000000000002e-05 1494
1685266995472 1.402e-05 1495
1685266995539 1.4016000000000001e-05 1496
1685266995606 1.4012e-05 1497
1685266995672 1.4008000000000002e-05 1498
1685266995742 1.4004000000000002e-05 1499
1685266995795 1.4e-05 1500
