1685266851130 2.0814 1
1685266851215 2.0646 2
1685266851285 1.9204 3
1685266851354 1.8531 4
1685266851424 1.817 5
1685266851492 1.766 6
1685266851559 1.8788 7
1685266851626 2.0295 8
1685266851695 1.8273 9
1685266851766 1.6009 10
1685266851832 1.5642 11
1685266851899 1.6666 12
1685266851966 1.5731 13
1685266852033 1.7133 14
1685266852100 1.6484 15
1685266852169 1.6345 16
1685266852236 1.6457 17
1685266852303 1.4136 18
1685266852370 1.5574 19
1685266852444 1.5354 20
1685266852512 1.977 21
1685266852587 1.4577 22
1685266852657 1.5476 23
1685266852724 1.4104 24
1685266852791 1.3866 25
1685266852857 1.3969 26
1685266852928 1.3533 27
1685266852997 2.0392 28
1685266853064 1.4077 29
1685266853130 1.3332 30
1685266853196 1.4365 31
1685266853263 1.3112 32
1685266853331 1.9258 33
1685266853401 1.1973 34
1685266853469 2.1019 35
1685266853543 1.4352 36
1685266853615 1.2088 37
1685266853690 2.0385 38
1685266853760 1.2224 39
1685266853829 1.3048 40
1685266853895 1.7707 41
1685266853963 1.3087 42
1685266854030 1.8632 43
1685266854097 1.397 44
1685266854164 1.3085 45
1685266854235 1.1967 46
1685266854304 2.5999 47
1685266854376 1.18 48
1685266854445 1.015 49
1685266854517 2.0989 50
1685266854585 0.957 51
1685266854656 1.1295 52
1685266854726 2.1445 53
1685266854799 1.2065 54
1685266854867 1.0744 55
1685266854935 1.134 56
1685266855001 1.901 57
1685266855068 1.9143 58
1685266855135 2.1569 59
1685266855210 2.3783 60
1685266855278 1.1361 61
1685266855346 1.0608 62
1685266855412 1.6298 63
1685266855479 1.834 64
1685266855547 0.8537 65
1685266855614 1.059 66
1685266855682 1.158 67
1685266855750 1.248 68
1685266855819 1.0445 69
1685266855890 0.9329 70
1685266855960 2.1148 71
1685266856029 1.3796 72
1685266856096 1.9401 73
1685266856163 1.0421 74
1685266856228 1.0315 75
1685266856294 0.8278 76
1685266856360 0.727 77
1685266856426 1.0088 78
1685266856494 1.1946 79
1685266856562 1.2833 80
1685266856632 0.6932 81
1685266856701 1.5515 82
1685266856770 0.9751 83
1685266856839 0.9555 84
1685266856906 1.0573 85
1685266856973 0.7302 86
1685266857040 0.9948 87
1685266857110 0.9525 88
1685266857178 0.5632 89
1685266857255 2.1569 90
1685266857323 2.2755 91
1685266857389 0.9547 92
1685266857455 2.4617 93
1685266857521 0.5752 94
1685266857588 1.0166 95
1685266857655 1.8986 96
1685266857721 0.8099 97
1685266857790 1.9217 98
1685266857856 0.8419 99
1685266857926 0.6962 100
1685266857993 1.0349 101
1685266858060 0.9306 102
1685266858127 0.7918 103
1685266858195 2.3575 104
1685266858263 0.6684 105
1685266858332 2.0722 106
1685266858400 1.4301 107
1685266858467 2.8604 108
1685266858535 1.8336 109
1685266858602 0.8627 110
1685266858670 0.7729 111
1685266858739 2.1736 112
1685266858806 1.0028 113
1685266858902 0.7268 114
1685266858971 0.8937 115
1685266859037 0.7195 116
1685266859105 0.8502 117
1685266859171 0.5479 118
1685266859251 1.7708 119
1685266859319 0.6302 120
1685266859386 0.4598 121
1685266859454 2.495 122
1685266859522 2.0574 123
1685266859591 2.1075 124
1685266859658 1.9691 125
1685266859728 0.8256 126
1685266859798 0.472 127
1685266859865 1.9662 128
1685266859935 1.9302 129
1685266860005 0.956 130
1685266860074 0.6439 131
1685266860140 1.2625 132
1685266860208 1.1667 133
1685266860275 0.3609 134
1685266860342 1.0727 135
1685266860411 1.0427 136
1685266860478 0.3589 137
1685266860546 0.4688 138
1685266860614 0.2779 139
1685266860681 1.0429 140
1685266860746 1.721 141
1685266860812 1.5774 142
1685266860879 0.6045 143
1685266860946 0.4237 144
1685266861013 1.465 145
1685266861078 0.9782 146
1685266861145 0.6557 147
1685266861211 0.9034 148
1685266861285 1.034 149
1685266861351 0.4842 150
1685266861418 0.4981 151
1685266861485 0.4029 152
1685266861554 1.9517 153
1685266861624 1.3304 154
1685266861693 2.4111 155
1685266861762 0.6714 156
1685266861834 1.4498 157
1685266861902 1.6924 158
1685266861969 0.62 159
1685266862034 0.5472 160
1685266862102 1.8498 161
1685266862168 0.6228 162
1685266862235 0.8607 163
1685266862303 1.0687 164
1685266862371 0.394 165
1685266862436 0.4503 166
1685266862503 0.5756 167
1685266862571 0.9288 168
1685266862637 0.3093 169
1685266862707 0.1378 170
1685266862778 0.7255 171
1685266862845 0.2921 172
1685266862913 0.3461 173
1685266862983 0.5121 174
1685266863049 1.1061 175
1685266863118 1.5088 176
1685266863191 1.8846 177
1685266863261 2.1241 178
1685266863335 0.7179 179
1685266863402 1.9452 180
1685266863469 0.3551 181
1685266863538 0.4418 182
1685266863609 0.3396 183
1685266863675 1.7247 184
1685266863743 0.2585 185
1685266863811 0.6358 186
1685266863878 1.6203 187
1685266863947 0.5555 188
1685266864015 1.0553 189
1685266864084 0.9574 190
1685266864156 0.2675 191
1685266864225 0.6525 192
1685266864293 1.9916 193
1685266864360 0.9027 194
1685266864427 1.6333 195
1685266864495 0.3707 196
1685266864567 1.0401 197
1685266864637 0.3905 198
1685266864706 1.0679 199
1685266864772 0.4439 200
1685266864838 1.4666 201
1685266864906 0.1545 202
1685266864972 1.2498 203
1685266865038 0.4488 204
1685266865106 0.5487 205
1685266865175 0.1965 206
1685266865243 1.5341 207
1685266865308 0.6861 208
1685266865376 0.1552 209
1685266865446 0.3512 210
1685266865516 0.1473 211
1685266865586 1.2269 212
1685266865661 0.1919 213
1685266865729 0.0941 214
1685266865796 0.2269 215
1685266865865 1.1438 216
1685266865931 1.6143 217
1685266865999 1.7511 218
1685266866065 0.1177 219
1685266866130 1.4068 220
1685266866197 0.3055 221
1685266866263 1.5074 222
1685266866328 0.0702 223
1685266866395 0.6007 224
1685266866467 0.1879 225
1685266866533 1.4949 226
1685266866600 1.562 227
1685266866665 1.0325 228
1685266866731 1.4881 229
1685266866796 1.3227 230
1685266866863 1.4232 231
1685266866929 2.9898 232
1685266866996 0.2767 233
1685266867062 1.0884 234
1685266867128 2.0224 235
1685266867194 0.2244 236
1685266867261 0.6973 237
1685266867327 0.8399 238
1685266867396 0.3482 239
1685266867463 1.1426 240
1685266867529 0.1835 241
1685266867595 1.9775 242
1685266867662 1.5215 243
1685266867728 1.8822 244
1685266867795 0.3718 245
1685266867863 0.0946 246
1685266867929 0.1434 247
1685266867995 0.7603 248
1685266868062 0.3237 249
1685266868114 0.1431 250
1685266876246 0.4749 251
1685266876320 0.1018 252
1685266876390 2.1717 253
1685266876459 1.5406 254
1685266876528 0.0777 255
1685266876594 0.8776 256
1685266876661 0.1393 257
1685266876727 0.1428 258
1685266876793 0.0803 259
1685266876858 0.0841 260
1685266876925 0.2904 261
1685266876991 0.1773 262
1685266877057 0.5047 263
1685266877123 0.079 264
1685266877188 0.5488 265
1685266877253 0.045 266
1685266877318 0.5285 267
1685266877384 1.8954 268
1685266877451 0.1633 269
1685266877517 0.1287 270
1685266877585 0.7095 271
1685266877652 0.1499 272
1685266877718 0.0938 273
1685266877786 0.1026 274
1685266877852 0.0618 275
1685266877917 0.627 276
1685266877984 0.8064 277
1685266878051 0.0704 278
1685266878118 1.2735 279
1685266878184 0.6817 280
1685266878251 2.027 281
1685266878317 0.2243 282
1685266878385 0.2542 283
1685266878452 0.1354 284
1685266878517 0.04 285
1685266878583 0.43 286
1685266878649 0.4309 287
1685266878719 0.0829 288
1685266878784 0.1276 289
1685266878851 0.136 290
1685266878918 0.7199 291
1685266878987 0.2186 292
1685266879054 0.3243 293
1685266879120 0.0932 294
1685266879186 0.1753 295
1685266879258 1.719 296
1685266879324 3.789 297
1685266879388 0.0484 298
1685266879454 1.6451 299
1685266879520 0.1198 300
1685266879585 0.1728 301
1685266879651 1.8404 302
1685266879719 0.0753 303
1685266879785 0.1565 304
1685266879855 0.0872 305
1685266879924 0.535 306
1685266879993 2.9942 307
1685266880065 0.3378 308
1685266880134 0.0402 309
1685266880201 0.0301 310
1685266880268 0.0574 311
1685266880335 0.0702 312
1685266880403 0.1457 313
1685266880471 1.3161 314
1685266880537 0.043 315
1685266880603 1.0904 316
1685266880667 0.0358 317
1685266880733 1.5975 318
1685266880798 0.0709 319
1685266880865 0.5265 320
1685266880931 0.7402 321
1685266880997 0.0472 322
1685266881062 0.0346 323
1685266881127 0.0555 324
1685266881196 0.0385 325
1685266881264 0.1091 326
1685266881330 0.1105 327
1685266881396 1.2455 328
1685266881463 0.0428 329
1685266881534 0.0961 330
1685266881602 0.1362 331
1685266881667 0.0939 332
1685266881733 0.9919 333
1685266881800 0.2228 334
1685266881869 1.2739 335
1685266881935 0.0801 336
1685266882001 0.9296 337
1685266882073 0.0516 338
1685266882141 0.9028 339
1685266882209 0.482 340
1685266882277 0.3555 341
1685266882343 0.0317 342
1685266882409 0.25 343
1685266882476 1.0466 344
1685266882545 4.7809 345
1685266882612 1.248 346
1685266882680 2.8955 347
1685266882746 0.359 348
1685266882813 0.0605 349
1685266882878 0.0387 350
1685266882945 0.0341 351
1685266883011 0.0323 352
1685266883077 1.4631 353
1685266883141 0.0329 354
1685266883207 2.2545 355
1685266883272 0.1193 356
1685266883338 0.1423 357
1685266883404 0.9629 358
1685266883469 0.9188 359
1685266883535 0.0724 360
1685266883602 0.0453 361
1685266883669 0.0629 362
1685266883733 0.023 363
1685266883799 0.0319 364
1685266883866 0.0407 365
1685266883931 0.0134 366
1685266883998 0.5349 367
1685266884066 0.084 368
1685266884133 0.0621 369
1685266884199 0.0417 370
1685266884267 1.6071 371
1685266884333 0.4966 372
1685266884400 0.051 373
1685266884469 0.0385 374
1685266884540 0.0855 375
1685266884607 0.0702 376
1685266884673 0.0482 377
1685266884738 1.5602 378
1685266884803 0.571 379
1685266884869 1.8961 380
1685266884937 0.0693 381
1685266885003 1.4522 382
1685266885068 0.0242 383
1685266885134 0.0262 384
1685266885199 0.0248 385
1685266885264 0.0148 386
1685266885329 0.055 387
1685266885393 0.0152 388
1685266885458 0.0156 389
1685266885524 0.0275 390
1685266885590 0.0182 391
1685266885656 0.7546 392
1685266885723 0.3623 393
1685266885789 2.6766 394
1685266885857 0.0896 395
1685266885923 1.3082 396
1685266885988 0.0203 397
1685266886054 0.0152 398
1685266886120 1.365 399
1685266886187 0.248 400
1685266886254 0.1676 401
1685266886322 0.025 402
1685266886388 1.5684 403
1685266886454 0.1255 404
1685266886518 0.0245 405
1685266886588 0.0308 406
1685266886653 0.0136 407
1685266886717 0.0114 408
1685266886785 1.8673 409
1685266886850 0.023 410
1685266886916 0.0209 411
1685266886983 0.0226 412
1685266887049 0.0097 413
1685266887114 0.021 414
1685266887179 0.078 415
1685266887244 0.0158 416
1685266887311 0.0465 417
1685266887382 0.0427 418
1685266887448 0.0812 419
1685266887514 0.075 420
1685266887579 1.5015 421
1685266887645 0.1571 422
1685266887713 0.0153 423
1685266887779 0.0307 424
1685266887845 2.572 425
1685266887912 0.0487 426
1685266887977 1.8215 427
1685266888043 3.4062 428
1685266888108 0.0079 429
1685266888172 0.0109 430
1685266888238 1.7118 431
1685266888303 0.0192 432
1685266888370 0.007 433
1685266888436 0.0179 434
1685266888503 0.0297 435
1685266888575 0.7014 436
1685266888640 0.0231 437
1685266888705 0.0108 438
1685266888772 1.0804 439
1685266888852 1.1243 440
1685266888917 0.0106 441
1685266888983 0.5553 442
1685266889052 2.1545 443
1685266889117 0.011 444
1685266889182 0.0125 445
1685266889252 2.9951 446
1685266889322 0.02 447
1685266889398 1.5342 448
1685266889467 0.0392 449
1685266889535 0.0131 450
1685266889602 0.0141 451
1685266889668 3.0626 452
1685266889732 0.0116 453
1685266889797 0.0757 454
1685266889864 0.0458 455
1685266889930 0.0369 456
1685266889995 0.0261 457
1685266890062 0.0154 458
1685266890128 0.039 459
1685266890193 0.0173 460
1685266890258 0.0117 461
1685266890323 0.0104 462
1685266890389 0.0428 463
1685266890455 0.0219 464
1685266890521 0.2246 465
1685266890586 0.0097 466
1685266890651 0.0166 467
1685266890717 0.0192 468
1685266890782 0.0091 469
1685266890847 1.6182 470
1685266890912 0.008 471
1685266890977 0.027 472
1685266891045 0.1077 473
1685266891117 0.0091 474
1685266891183 0.0128 475
1685266891251 0.0131 476
1685266891316 0.0092 477
1685266891383 0.6418 478
1685266891449 0.007 479
1685266891515 0.0092 480
1685266891582 0.0099 481
1685266891647 2.5155 482
1685266891715 0.8363 483
1685266891786 2.1709 484
1685266891854 0.0073 485
1685266891925 0.0114 486
1685266891992 0.0089 487
1685266892059 0.0057 488
1685266892125 0.4671 489
1685266892190 0.0186 490
1685266892255 0.055 491
1685266892320 1.5486 492
1685266892387 0.0065 493
1685266892451 0.0095 494
1685266892518 0.5832 495
1685266892587 0.4381 496
1685266892651 0.0109 497
1685266892717 0.6791 498
1685266892781 0.8534 499
1685266892833 0.009 500
1685266900516 0.0119 501
1685266900586 0.0251 502
1685266900653 0.343 503
1685266900719 0.5886 504
1685266900784 0.0053 505
1685266900849 0.0915 506
1685266900915 0.042 507
1685266900980 0.0181 508
1685266901049 0.0085 509
1685266901116 0.0118 510
1685266901184 0.0077 511
1685266901253 2.7241 512
1685266901319 0.0109 513
1685266901387 0.1998 514
1685266901455 0.0129 515
1685266901518 0.0108 516
1685266901585 0.0941 517
1685266901650 0.0078 518
1685266901715 0.031 519
1685266901780 0.0086 520
1685266901846 0.0153 521
1685266901912 0.0051 522
1685266901980 0.0263 523
1685266902045 1.5251 524
1685266902109 0.0193 525
1685266902173 0.0232 526
1685266902238 0.0049 527
1685266902304 1.391 528
1685266902369 0.0217 529
1685266902435 3.6715 530
1685266902504 0.0235 531
1685266902569 0.0072 532
1685266902634 0.5189 533
1685266902699 0.8457 534
1685266902767 0.007 535
1685266902831 0.0073 536
1685266902896 0.0056 537
1685266902963 0.0216 538
1685266903039 0.0369 539
1685266903107 0.1049 540
1685266903173 0.024 541
1685266903239 0.3073 542
1685266903302 0.0097 543
1685266903369 3.4229 544
1685266903433 0.0128 545
1685266903498 0.0113 546
1685266903562 0.0119 547
1685266903627 0.0177 548
1685266903690 0.0062 549
1685266903754 0.0055 550
1685266903818 0.008 551
1685266903883 0.008 552
1685266903949 0.6082 553
1685266904014 0.0198 554
1685266904079 0.0079 555
1685266904145 0.6068 556
1685266904211 0.008 557
1685266904277 0.9518 558
1685266904341 0.0079 559
1685266904406 0.0061 560
1685266904471 0.0115 561
1685266904535 0.009 562
1685266904600 1.2934 563
1685266904666 0.4977 564
1685266904731 0.0082 565
1685266904798 1.8754 566
1685266904862 0.0066 567
1685266904926 0.0045 568
1685266904992 0.3238 569
1685266905058 3.2471 570
1685266905124 0.0162 571
1685266905188 0.0075 572
1685266905253 0.5341 573
1685266905319 0.0567 574
1685266905385 2.5035 575
1685266905450 0.0051 576
1685266905515 0.2695 577
1685266905581 0.5122 578
1685266905648 0.0062 579
1685266905712 0.0079 580
1685266905780 2.3898 581
1685266905847 1.4254 582
1685266905981 0.205 583
1685266906048 0.0078 584
1685266906112 0.0061 585
1685266906176 0.008 586
1685266906241 0.0285 587
1685266906306 0.013 588
1685266906370 0.0062 589
1685266906437 0.2978 590
1685266906503 0.0071 591
1685266906577 0.004 592
1685266906646 0.0053 593
1685266906714 0.0067 594
1685266906783 0.8176 595
1685266906852 0.0053 596
1685266906919 0.0064 597
1685266906984 0.0222 598
1685266907051 0.0048 599
1685266907118 0.0184 600
1685266907184 0.0098 601
1685266907252 0.0205 602
1685266907322 2.9489 603
1685266907389 0.0065 604
1685266907456 0.0061 605
1685266907524 0.0539 606
1685266907591 0.0036 607
1685266907657 0.0068 608
1685266907725 0.1972 609
1685266907790 0.0084 610
1685266907855 0.0043 611
1685266907922 0.2776 612
1685266907986 0.0202 613
1685266908053 0.0129 614
1685266908118 0.0296 615
1685266908182 0.0035 616
1685266908248 0.0045 617
1685266908313 0.0034 618
1685266908381 0.0065 619
1685266908446 0.0054 620
1685266908519 0.0886 621
1685266908588 0.2981 622
1685266908654 0.0053 623
1685266908720 0.0204 624
1685266908785 0.0052 625
1685266908850 0.0046 626
1685266908917 0.0045 627
1685266908982 0.0042 628
1685266909046 0.0146 629
1685266909111 0.0042 630
1685266909176 0.0036 631
1685266909242 0.009 632
1685266909306 0.0035 633
1685266909374 0.0044 634
1685266909441 0.0194 635
1685266909506 0.0094 636
1685266909571 0.0044 637
1685266909636 0.0059 638
1685266909704 0.0037 639
1685266909769 0.0078 640
1685266909834 0.0375 641
1685266909899 0.0068 642
1685266909963 0.0043 643
1685266910028 0.0072 644
1685266910094 0.0031 645
1685266910159 0.0041 646
1685266910225 0.2032 647
1685266910291 0.1083 648
1685266910357 0.0042 649
1685266910422 0.004 650
1685266910488 0.3246 651
1685266910553 0.0042 652
1685266910618 0.009 653
1685266910683 1.7703 654
1685266910749 0.0037 655
1685266910814 0.1401 656
1685266910879 0.0036 657
1685266910944 0.0055 658
1685266911009 0.0073 659
1685266911073 0.004 660
1685266911139 1.1064 661
1685266911204 0.0041 662
1685266911270 0.0039 663
1685266911335 0.0064 664
1685266911404 0.0105 665
1685266911469 0.0055 666
1685266911534 0.0043 667
1685266911601 0.0106 668
1685266911666 0.0052 669
1685266911731 0.0032 670
1685266911796 0.0043 671
1685266911863 0.0052 672
1685266911928 0.0066 673
1685266911993 0.0028 674
1685266912059 0.0046 675
1685266912124 0.0029 676
1685266912189 0.0033 677
1685266912253 0.0154 678
1685266912318 0.0045 679
1685266912382 0.2073 680
1685266912447 0.0483 681
1685266912511 0.0041 682
1685266912580 0.5564 683
1685266912647 0.0254 684
1685266912712 0.0034 685
1685266912778 1.8217 686
1685266912843 0.0021 687
1685266912909 0.0023 688
1685266912977 0.0045 689
1685266913044 0.0079 690
1685266913108 0.0024 691
1685266913174 0.0036 692
1685266913242 0.227 693
1685266913315 0.004 694
1685266913381 0.0034 695
1685266913449 0.004 696
1685266913520 0.1229 697
1685266913588 0.0125 698
1685266913661 2.4921 699
1685266913728 0.0025 700
1685266913796 0.0025 701
1685266913865 0.0031 702
1685266913935 3.4571 703
1685266914001 0.0109 704
1685266914068 4.0053 705
1685266914134 3.0283 706
1685266914199 0.0035 707
1685266914264 0.0035 708
1685266914330 0.0081 709
1685266914396 0.0038 710
1685266914462 0.0397 711
1685266914528 0.0759 712
1685266914593 0.0034 713
1685266914657 0.0036 714
1685266914724 0.0024 715
1685266914789 0.003 716
1685266914855 0.0056 717
1685266914919 0.0025 718
1685266914984 0.0022 719
1685266915051 0.1738 720
1685266915118 0.0127 721
1685266915183 0.0038 722
1685266915250 0.0032 723
1685266915317 0.2123 724
1685266915384 3.4095 725
1685266915451 0.2975 726
1685266915515 0.004 727
1685266915581 0.0058 728
1685266915649 1.0468 729
1685266915714 0.0034 730
1685266915780 0.0039 731
1685266915848 0.0945 732
1685266915914 0.0034 733
1685266915978 0.0056 734
1685266916042 0.0115 735
1685266916108 1.6343 736
1685266916173 1.7598 737
1685266916237 0.0096 738
1685266916302 0.0038 739
1685266916368 0.3407 740
1685266916433 0.0026 741
1685266916499 0.0032 742
1685266916565 0.0023 743
1685266916630 0.0049 744
1685266916703 0.0041 745
1685266916769 0.0032 746
1685266916838 0.077 747
1685266916904 0.054 748
1685266916969 0.0867 749
1685266917021 0.0052 750
1685266925301 0.0053 751
1685266925372 0.0051 752
1685266925439 0.0057 753
1685266925504 0.004 754
1685266925572 0.0036 755
1685266925640 0.003 756
1685266925705 0.0045 757
1685266925771 0.1303 758
1685266925838 0.0035 759
1685266925904 0.4849 760
1685266925970 0.0125 761
1685266926036 0.8694 762
1685266926101 0.0442 763
1685266926166 0.003 764
1685266926231 0.0532 765
1685266926296 0.0058 766
1685266926362 0.048 767
1685266926427 0.0091 768
1685266926493 0.0059 769
1685266926558 0.0362 770
1685266926622 0.0074 771
1685266926688 0.0039 772
1685266926754 0.0036 773
1685266926820 0.002 774
1685266926885 0.0051 775
1685266926952 1.0459 776
1685266927017 0.0039 777
1685266927083 0.0064 778
1685266927149 0.0043 779
1685266927217 0.0074 780
1685266927293 0.1946 781
1685266927360 3.6873 782
1685266927425 0.004 783
1685266927490 0.0036 784
1685266927556 0.0027 785
1685266927621 0.0037 786
1685266927688 0.0074 787
1685266927753 0.0019 788
1685266927821 0.0025 789
1685266927887 0.0029 790
1685266927953 0.2259 791
1685266928018 0.0083 792
1685266928085 0.0037 793
1685266928150 0.7411 794
1685266928215 0.0034 795
1685266928280 0.0045 796
1685266928347 0.0062 797
1685266928413 0.1117 798
1685266928479 0.0062 799
1685266928546 0.0056 800
1685266928611 0.0023 801
1685266928676 0.0024 802
1685266928742 0.0022 803
1685266928808 0.011 804
1685266928877 0.0025 805
1685266928943 4.1475 806
1685266929009 0.0024 807
1685266929074 0.0041 808
1685266929141 0.0133 809
1685266929209 0.0027 810
1685266929285 0.0029 811
1685266929350 0.0019 812
1685266929415 0.0026 813
1685266929480 0.024 814
1685266929546 0.0028 815
1685266929613 0.003 816
1685266929681 0.0238 817
1685266929748 0.0023 818
1685266929813 0.0022 819
1685266929881 0.0036 820
1685266929949 2.1297 821
1685266930020 0.0022 822
1685266930088 0.0051 823
1685266930153 0.005 824
1685266930220 0.0059 825
1685266930287 0.0193 826
1685266930353 0.3065 827
1685266930419 0.0055 828
1685266930486 0.0022 829
1685266930553 0.0098 830
1685266930618 0.0016 831
1685266930684 0.0025 832
1685266930750 0.0078 833
1685266930816 0.0041 834
1685266930916 0.0115 835
1685266930985 0.009 836
1685266931052 0.0045 837
1685266931117 0.0034 838
1685266931184 0.0026 839
1685266931249 0.0046 840
1685266931327 0.0048 841
1685266931400 0.0021 842
1685266931474 0.0087 843
1685266931547 0.0018 844
1685266931617 0.0058 845
1685266931685 0.0029 846
1685266931764 0.0031 847
1685266931832 0.0025 848
1685266931902 0.1843 849
1685266931973 0.0112 850
1685266932044 0.6209 851
1685266932110 0.0016 852
1685266932177 0.0025 853
1685266932244 0.004 854
1685266932310 0.0036 855
1685266932378 0.0038 856
1685266932444 0.0018 857
1685266932509 0.0177 858
1685266932580 2.7521 859
1685266932645 0.0026 860
1685266932715 0.0044 861
1685266932785 0.0017 862
1685266932852 0.0023 863
1685266932919 0.0023 864
1685266932983 0.0016 865
1685266933052 0.0107 866
1685266933117 0.0031 867
1685266933182 0.0043 868
1685266933250 0.0026 869
1685266933320 0.0015 870
1685266933386 0.0051 871
1685266933454 0.0022 872
1685266933520 0.6815 873
1685266933585 0.0018 874
1685266933653 0.0032 875
1685266933720 0.0034 876
1685266933788 0.0037 877
1685266933857 0.1597 878
1685266933922 0.002 879
1685266933990 0.0032 880
1685266934058 0.0031 881
1685266934123 0.0065 882
1685266934188 0.002 883
1685266934255 0.0027 884
1685266934320 0.0026 885
1685266934385 0.0023 886
1685266934451 0.0023 887
1685266934517 3.3582 888
1685266934584 0.003 889
1685266934649 0.0021 890
1685266934717 4.0575 891
1685266934784 0.0088 892
1685266934849 0.0018 893
1685266934914 0.0016 894
1685266934980 0.0031 895
1685266935045 0.0025 896
1685266935110 0.0017 897
1685266935176 0.0029 898
1685266935241 0.0026 899
1685266935307 0.0015 900
1685266935374 0.0024 901
1685266935439 0.0037 902
1685266935510 0.017 903
1685266935577 0.0089 904
1685266935643 0.0267 905
1685266935708 0.0043 906
1685266935775 0.1187 907
1685266935841 0.0331 908
1685266935905 0.0017 909
1685266935970 0.0066 910
1685266936035 0.0038 911
1685266936101 0.0031 912
1685266936166 0.0027 913
1685266936230 0.0037 914
1685266936300 0.1687 915
1685266936368 1.3751 916
1685266936438 0.0023 917
1685266936507 1.1507 918
1685266936572 0.0022 919
1685266936637 0.002 920
1685266936702 0.003 921
1685266936768 2.7492 922
1685266936837 0.0024 923
1685266936903 0.0213 924
1685266936968 0.006 925
1685266937034 0.0042 926
1685266937101 0.0039 927
1685266937166 0.0025 928
1685266937231 0.0015 929
1685266937296 0.0016 930
1685266937363 0.002 931
1685266937428 0.0043 932
1685266937496 0.0015 933
1685266937561 0.0038 934
1685266937627 0.394 935
1685266937694 0.0024 936
1685266937760 0.106 937
1685266937827 0.0678 938
1685266937893 0.0042 939
1685266937962 0.0065 940
1685266938027 0.002 941
1685266938092 0.0041 942
1685266938158 0.0254 943
1685266938224 0.0036 944
1685266938288 0.0013 945
1685266938355 0.0293 946
1685266938421 0.0052 947
1685266938486 0.003 948
1685266938552 0.0025 949
1685266938617 0.0054 950
1685266938683 0.2126 951
1685266938749 0.002 952
1685266938813 0.002 953
1685266938878 0.0784 954
1685266938948 0.0028 955
1685266939013 0.0025 956
1685266939081 0.0012 957
1685266939148 0.4083 958
1685266939216 0.0026 959
1685266939282 0.0013 960
1685266939348 3.4654 961
1685266939414 0.0023 962
1685266939481 0.0052 963
1685266939553 0.0021 964
1685266939619 0.0017 965
1685266939684 3.2731 966
1685266939750 0.0241 967
1685266939815 0.0013 968
1685266939880 0.0045 969
1685266939945 0.0016 970
1685266940012 0.007 971
1685266940080 0.0019 972
1685266940147 0.0028 973
1685266940213 0.0162 974
1685266940279 0.0574 975
1685266940346 0.0024 976
1685266940412 0.6475 977
1685266940480 0.0088 978
1685266940548 0.0014 979
1685266940613 0.0206 980
1685266940679 0.0025 981
1685266940746 0.0026 982
1685266940811 0.0052 983
1685266940875 0.0017 984
1685266940939 0.0173 985
1685266941005 0.002 986
1685266941070 0.0019 987
1685266941137 0.0299 988
1685266941202 0.0024 989
1685266941266 0.002 990
1685266941332 0.0022 991
1685266941398 0.0014 992
1685266941465 0.0013 993
1685266941538 0.0022 994
1685266941603 0.002 995
1685266941668 0.0019 996
1685266941735 0.0023 997
1685266941802 0.0026 998
1685266941866 0.0037 999
1685266941920 0.0611 1000
1685266952008 0.0015 1001
1685266952077 0.4308 1002
1685266952143 0.0317 1003
1685266952208 0.0273 1004
1685266952272 0.0016 1005
1685266952338 0.002 1006
1685266952403 0.0042 1007
1685266952471 0.0038 1008
1685266952538 0.0035 1009
1685266952604 0.0116 1010
1685266952673 0.0031 1011
1685266952743 0.0031 1012
1685266952812 0.0015 1013
1685266952886 0.002 1014
1685266952956 0.003 1015
1685266953026 0.0019 1016
1685266953093 0.0014 1017
1685266953159 0.0015 1018
1685266953224 0.0222 1019
1685266953290 0.0012 1020
1685266953357 0.0014 1021
1685266953425 0.0094 1022
1685266953495 0.0041 1023
1685266953562 0.0016 1024
1685266953628 0.0023 1025
1685266953694 0.0013 1026
1685266953760 0.0025 1027
1685266953827 0.0273 1028
1685266953891 0.0014 1029
1685266953957 0.0021 1030
1685266954022 0.0095 1031
1685266954088 0.0021 1032
1685266954154 0.0018 1033
1685266954223 0.0014 1034
1685266954289 0.0033 1035
1685266954356 0.0015 1036
1685266954422 0.001 1037
1685266954487 0.0062 1038
1685266954553 0.0013 1039
1685266954618 0.0016 1040
1685266954687 0.0014 1041
1685266954760 0.0113 1042
1685266954832 0.0017 1043
1685266954900 0.0009 1044
1685266954964 0.0049 1045
1685266955031 0.0221 1046
1685266955096 0.0014 1047
1685266955161 0.004 1048
1685266955227 0.0016 1049
1685266955292 1.5216 1050
1685266955361 0.0018 1051
1685266955427 0.015 1052
1685266955493 0.0028 1053
1685266955558 0.0028 1054
1685266955626 0.0019 1055
1685266955693 0.0016 1056
1685266955760 0.004 1057
1685266955825 0.0019 1058
1685266955892 0.3368 1059
1685266955958 0.0014 1060
1685266956023 0.0026 1061
1685266956088 0.0011 1062
1685266956153 0.0018 1063
1685266956223 0.0105 1064
1685266956289 0.0013 1065
1685266956355 0.0013 1066
1685266956420 0.002 1067
1685266956486 0.0021 1068
1685266956552 0.0012 1069
1685266956616 0.0069 1070
1685266956683 0.0061 1071
1685266956748 0.0017 1072
1685266956813 0.0015 1073
1685266956877 0.0015 1074
1685266956942 0.0012 1075
1685266957008 0.0027 1076
1685266957074 0.0034 1077
1685266957141 0.0035 1078
1685266957212 0.001 1079
1685266957279 0.0022 1080
1685266957346 0.0027 1081
1685266957414 0.006 1082
1685266957479 0.0013 1083
1685266957546 0.0015 1084
1685266957616 0.0039 1085
1685266957684 0.0029 1086
1685266957756 0.0236 1087
1685266957827 0.0027 1088
1685266957903 0.0016 1089
1685266957971 0.0026 1090
1685266958040 0.001 1091
1685266958108 0.1185 1092
1685266958173 0.0082 1093
1685266958243 0.0014 1094
1685266958312 0.313 1095
1685266958382 0.0011 1096
1685266958449 0.0014 1097
1685266958515 0.0012 1098
1685266958579 0.0009 1099
1685266958644 0.0011 1100
1685266958712 0.0426 1101
1685266958777 0.0009 1102
1685266958842 0.0016 1103
1685266958908 0.0183 1104
1685266958973 0.0012 1105
1685266959037 0.0038 1106
1685266959107 0.0122 1107
1685266959175 0.0026 1108
1685266959243 0.0056 1109
1685266959308 0.0008 1110
1685266959375 0.0035 1111
1685266959442 2.3505 1112
1685266959514 0.0013 1113
1685266959585 0.0012 1114
1685266959653 0.0009 1115
1685266959721 0.0009 1116
1685266959790 0.0017 1117
1685266959861 2.8726 1118
1685266959929 3.7966 1119
1685266959998 2.9022 1120
1685266960068 0.0024 1121
1685266960139 0.0011 1122
1685266960210 0.001 1123
1685266960277 0.0009 1124
1685266960492 0.0014 1125
1685266960565 0.0036 1126
1685266960637 0.0037 1127
1685266960707 0.4499 1128
1685266960776 0.003 1129
1685266960847 0.0023 1130
1685266960918 0.0021 1131
1685266960986 0.0024 1132
1685266961053 0.005 1133
1685266961120 0.0016 1134
1685266961190 0.2581 1135
1685266961260 1.0097 1136
1685266961329 0.0022 1137
1685266961395 0.0016 1138
1685266961463 0.0014 1139
1685266961532 0.0011 1140
1685266961603 0.0088 1141
1685266961670 0.0014 1142
1685266961743 0.0077 1143
1685266961814 0.0016 1144
1685266961881 0.0008 1145
1685266961955 0.0014 1146
1685266962025 0.0072 1147
1685266962094 0.0011 1148
1685266962164 0.0013 1149
1685266962233 0.0015 1150
1685266962307 0.0012 1151
1685266962381 0.0014 1152
1685266962450 0.0104 1153
1685266962519 0.0019 1154
1685266962589 0.0017 1155
1685266962654 0.0016 1156
1685266962724 0.0016 1157
1685266962790 0.0095 1158
1685266962864 0.1792 1159
1685266962933 0.0013 1160
1685266963000 0.0015 1161
1685266963066 0.0017 1162
1685266963139 0.0013 1163
1685266963213 0.0016 1164
1685266963283 0.0021 1165
1685266963354 0.0031 1166
1685266963428 0.0043 1167
1685266963496 0.001 1168
1685266963565 0.0013 1169
1685266963632 2.9414 1170
1685266963704 0.0533 1171
1685266963775 0.001 1172
1685266963844 0.1361 1173
1685266963912 0.0032 1174
1685266963983 0.0273 1175
1685266964062 0.0016 1176
1685266964131 0.0013 1177
1685266964199 0.001 1178
1685266964275 0.0011 1179
1685266964347 0.001 1180
1685266964414 0.0014 1181
1685266964492 0.0007 1182
1685266964563 0.0123 1183
1685266964633 0.0014 1184
1685266964706 0.0011 1185
1685266964775 0.0009 1186
1685266964848 0.002 1187
1685266964919 0.0022 1188
1685266964994 0.0023 1189
1685266965064 0.0108 1190
1685266965138 0.0025 1191
1685266965209 0.0014 1192
1685266965282 0.0027 1193
1685266965360 0.0009 1194
1685266965430 0.0011 1195
1685266965501 0.0029 1196
1685266965574 0.0019 1197
1685266965649 0.0013 1198
1685266965724 0.0009 1199
1685266965794 0.0027 1200
1685266965873 0.0008 1201
1685266965950 0.0014 1202
1685266966017 0.0015 1203
1685266966088 0.0009 1204
1685266966163 0.0027 1205
1685266966236 0.0021 1206
1685266966308 0.0009 1207
1685266966385 0.2298 1208
1685266966466 0.002 1209
1685266966536 0.0012 1210
1685266966618 0.0008 1211
1685266966689 0.0019 1212
1685266966768 0.0019 1213
1685266966838 0.3724 1214
1685266966907 0.0013 1215
1685266966976 0.0012 1216
1685266967044 0.0018 1217
1685266967118 0.1667 1218
1685266967189 0.0011 1219
1685266967264 0.0015 1220
1685266967339 0.0049 1221
1685266967409 0.0011 1222
1685266967482 0.0067 1223
1685266967554 0.0081 1224
1685266967627 0.0011 1225
1685266967695 0.0009 1226
1685266967768 0.0012 1227
1685266967837 0.001 1228
1685266967904 0.0012 1229
1685266967970 0.0012 1230
1685266968049 0.0017 1231
1685266968130 0.0018 1232
1685266968198 0.001 1233
1685266968278 0.0013 1234
1685266968349 4.1838 1235
1685266968418 0.0015 1236
1685266968493 0.0014 1237
1685266968568 0.0019 1238
1685266968647 0.0009 1239
1685266968718 0.0054 1240
1685266968792 0.0016 1241
1685266968866 0.0012 1242
1685266968937 0.0019 1243
1685266969008 0.0036 1244
1685266969077 0.0222 1245
1685266969146 1.6553 1246
1685266969215 0.0071 1247
1685266969283 0.0016 1248
1685266969358 4.762 1249
1685266969411 0.0011 1250
1685266977516 0.0008 1251
1685266977660 0.0022 1252
1685266977769 0.0009 1253
1685266977868 0.0016 1254
1685266977971 0.0018 1255
1685266978086 0.0018 1256
1685266978173 0.0033 1257
1685266978277 0.0036 1258
1685266978370 0.0139 1259
1685266978452 0.0155 1260
1685266978548 1.5463 1261
1685266978619 0.0012 1262
1685266978695 0.0009 1263
1685266978764 0.0011 1264
1685266978864 0.0011 1265
1685266978956 0.0007 1266
1685266979043 0.1298 1267
1685266979116 0.0027 1268
1685266979183 0.0013 1269
1685266979256 0.2655 1270
1685266979327 0.0015 1271
1685266979397 0.0049 1272
1685266979472 0.0013 1273
1685266979542 0.0023 1274
1685266979608 0.0026 1275
1685266979674 0.0009 1276
1685266979746 0.0007 1277
1685266979820 0.0006 1278
1685266979888 0.0017 1279
1685266979959 0.0017 1280
1685266980029 0.0021 1281
1685266980101 0.0018 1282
1685266980177 0.0007 1283
1685266980251 0.0009 1284
1685266980323 0.0981 1285
1685266980403 0.0011 1286
1685266980477 0.0009 1287
1685266980560 0.0011 1288
1685266980646 0.0008 1289
1685266980716 0.0012 1290
1685266980794 0.0016 1291
1685266980866 0.0312 1292
1685266980938 0.0007 1293
1685266981011 0.0008 1294
1685266981089 0.0007 1295
1685266981162 0.0008 1296
1685266981239 0.0014 1297
1685266981323 0.0011 1298
1685266981412 0.0008 1299
1685266981499 0.0008 1300
1685266981574 0.0027 1301
1685266981662 0.0067 1302
1685266981736 0.0007 1303
1685266981810 0.0019 1304
1685266981886 0.0023 1305
1685266981963 0.0008 1306
1685266982033 0.0009 1307
1685266982108 0.0068 1308
1685266982178 0.0015 1309
1685266982249 0.002 1310
1685266982320 0.0011 1311
1685266982395 0.0022 1312
1685266982464 0.0023 1313
1685266982533 0.0021 1314
1685266982605 0.0041 1315
1685266982679 0.0021 1316
1685266982747 0.0065 1317
1685266982818 0.0009 1318
1685266982887 0.0014 1319
1685266982966 0.0009 1320
1685266983043 0.0022 1321
1685266983124 0.0014 1322
1685266983199 0.0008 1323
1685266983269 0.0053 1324
1685266983341 0.0015 1325
1685266983417 0.0022 1326
1685266983503 0.0191 1327
1685266983577 0.001 1328
1685266983649 0.001 1329
1685266983725 0.0014 1330
1685266983794 0.001 1331
1685266983869 0.2191 1332
1685266983941 0.0008 1333
1685266984013 0.0007 1334
1685266984094 0.0027 1335
1685266984169 0.0007 1336
1685266984246 0.0012 1337
1685266984320 0.0034 1338
1685266984390 0.0072 1339
1685266984464 0.0007 1340
1685266984535 0.0012 1341
1685266984606 0.001 1342
1685266984688 0.0008 1343
1685266984759 0.0014 1344
1685266984830 0.0008 1345
1685266984900 0.0022 1346
1685266984973 0.0008 1347
1685266985043 0.0016 1348
1685266985115 0.0006 1349
1685266985189 2.6946 1350
1685266985265 0.0022 1351
1685266985339 0.0006 1352
1685266985409 0.001 1353
1685266985483 0.0008 1354
1685266985558 0.0036 1355
1685266985626 0.0006 1356
1685266985695 0.0011 1357
1685266985760 0.0017 1358
1685266985831 0.0024 1359
1685266985979 0.1149 1360
1685266986050 0.0015 1361
1685266986122 0.1052 1362
1685266986193 0.0018 1363
1685266986264 0.002 1364
1685266986339 0.002 1365
1685266986407 0.0016 1366
1685266986475 0.0013 1367
1685266986542 0.0008 1368
1685266986608 0.0194 1369
1685266986679 0.0007 1370
1685266986750 0.0018 1371
1685266986825 0.0045 1372
1685266986899 0.001 1373
1685266986974 0.004 1374
1685266987047 0.0014 1375
1685266987121 0.001 1376
1685266987193 0.0015 1377
1685266987273 0.005 1378
1685266987361 0.004 1379
1685266987450 0.0006 1380
1685266987527 0.0011 1381
1685266987609 0.0009 1382
1685266987682 0.0006 1383
1685266987750 0.0008 1384
1685266987830 0.0007 1385
1685266987903 1.7516 1386
1685266987982 0.0077 1387
1685266988052 0.0008 1388
1685266988125 0.0009 1389
1685266988197 0.0016 1390
1685266988273 0.0014 1391
1685266988344 0.0014 1392
1685266988419 0.07 1393
1685266988492 0.0012 1394
1685266988566 0.0018 1395
1685266988637 0.001 1396
1685266988707 0.002 1397
1685266988783 0.0011 1398
1685266988852 0.0009 1399
1685266988924 0.0038 1400
1685266989003 0.0009 1401
1685266989076 0.0101 1402
1685266989149 0.0007 1403
1685266989218 0.0015 1404
1685266989289 0.001 1405
1685266989365 0.0076 1406
1685266989446 0.0005 1407
1685266989520 0.0009 1408
1685266989592 0.001 1409
1685266989678 0.0017 1410
1685266989754 0.0008 1411
1685266989827 0.0007 1412
1685266989894 0.0011 1413
1685266989966 0.0011 1414
1685266990040 3.8943 1415
1685266990115 0.0016 1416
1685266990190 0.01 1417
1685266990259 0.001 1418
1685266990327 0.0047 1419
1685266990398 0.0509 1420
1685266990472 0.0007 1421
1685266990542 0.0014 1422
1685266990613 0.006 1423
1685266990685 0.0011 1424
1685266990755 0.0025 1425
1685266990827 0.0018 1426
1685266990900 0.0123 1427
1685266990974 0.0163 1428
1685266991040 0.0009 1429
1685266991105 0.0037 1430
1685266991172 0.0023 1431
1685266991251 0.0011 1432
1685266991320 0.0014 1433
1685266991389 0.0011 1434
1685266991459 0.001 1435
1685266991529 0.0011 1436
1685266991596 0.0011 1437
1685266991663 0.0014 1438
1685266991729 0.0009 1439
1685266991795 0.001 1440
1685266991864 0.0009 1441
1685266991932 0.0046 1442
1685266991997 0.0007 1443
1685266992064 0.0007 1444
1685266992129 0.0006 1445
1685266992198 0.0496 1446
1685266992265 0.0007 1447
1685266992332 0.0011 1448
1685266992399 0.0006 1449
1685266992465 0.0039 1450
1685266992535 0.0008 1451
1685266992605 0.0008 1452
1685266992672 0.0007 1453
1685266992739 0.0006 1454
1685266992804 0.0011 1455
1685266992869 0.0023 1456
1685266992936 0.0019 1457
1685266993009 0.0082 1458
1685266993074 0.0011 1459
1685266993142 0.0009 1460
1685266993208 0.001 1461
1685266993276 0.0014 1462
1685266993343 2.3019 1463
1685266993410 0.0075 1464
1685266993475 0.0093 1465
1685266993541 0.0012 1466
1685266993607 0.0007 1467
1685266993673 0.0012 1468
1685266993739 0.0008 1469
1685266993806 0.1126 1470
1685266993872 0.0057 1471
1685266993940 0.001 1472
1685266994006 0.0008 1473
1685266994073 0.0006 1474
1685266994139 0.0034 1475
1685266994208 0.0008 1476
1685266994276 0.3301 1477
1685266994343 0.0007 1478
1685266994411 0.0009 1479
1685266994477 0.0007 1480
1685266994543 0.0004 1481
1685266994609 0.0004 1482
1685266994677 0.0009 1483
1685266994742 0.0009 1484
1685266994808 0.0008 1485
1685266994874 0.0007 1486
1685266994941 0.0079 1487
1685266995008 0.0014 1488
1685266995074 0.0012 1489
1685266995140 0.0007 1490
1685266995207 3.0431 1491
1685266995273 0.0012 1492
1685266995340 0.0153 1493
1685266995407 0.0028 1494
1685266995472 0.0014 1495
1685266995539 0.0021 1496
1685266995606 0.0009 1497
1685266995672 0.0027 1498
1685266995742 4.1563 1499
1685266995795 0.001 1500
