1685350264349 0.0 1
1685350264438 0.01 2
1685350264512 0.01 3
1685350264590 0.02 4
1685350264664 0.02 5
1685350264733 0.02 6
1685350264803 0.03 7
1685350264871 0.03 8
1685350264940 0.04 9
1685350265010 0.04 10
1685350265078 0.04 11
1685350265148 0.05 12
1685350265219 0.05 13
1685350265291 0.06 14
1685350265359 0.06 15
1685350265428 0.06 16
1685350265497 0.07 17
1685350265566 0.07 18
1685350265635 0.08 19
1685350265705 0.08 20
1685350265776 0.08 21
1685350265845 0.09 22
1685350265913 0.09 23
1685350265982 0.1 24
1685350266052 0.1 25
1685350266122 0.1 26
1685350266190 0.11 27
1685350266258 0.11 28
1685350266328 0.12 29
1685350266396 0.12 30
1685350266465 0.12 31
1685350266533 0.13 32
1685350266604 0.13 33
1685350266676 0.14 34
1685350266744 0.14 35
1685350266814 0.14 36
1685350266883 0.15 37
1685350266952 0.15 38
1685350267021 0.16 39
1685350267088 0.16 40
1685350267156 0.16 41
1685350267223 0.17 42
1685350267293 0.17 43
1685350267362 0.18 44
1685350267432 0.18 45
1685350267500 0.18 46
1685350267568 0.19 47
1685350267638 0.19 48
1685350267709 0.2 49
1685350267777 0.2 50
1685350267845 0.2 51
1685350267912 0.21 52
1685350267983 0.21 53
1685350268051 0.22 54
1685350268121 0.22 55
1685350268187 0.22 56
1685350268257 0.23 57
1685350268328 0.23 58
1685350268396 0.24 59
1685350268466 0.24 60
1685350268538 0.24 61
1685350268606 0.25 62
1685350268675 0.25 63
1685350268746 0.26 64
1685350268819 0.26 65
1685350268923 0.26 66
1685350268991 0.27 67
1685350269060 0.27 68
1685350269131 0.28 69
1685350269208 0.28 70
1685350269288 0.28 71
1685350269360 0.29 72
1685350269430 0.29 73
1685350269500 0.3 74
1685350269572 0.3 75
1685350269641 0.3 76
1685350269712 0.31 77
1685350269786 0.31 78
1685350269854 0.32 79
1685350269924 0.32 80
1685350269992 0.32 81
1685350270063 0.33 82
1685350270131 0.33 83
1685350270199 0.34 84
1685350270267 0.34 85
1685350270341 0.34 86
1685350270412 0.35 87
1685350270483 0.35 88
1685350270552 0.36 89
1685350270620 0.36 90
1685350270689 0.36 91
1685350270758 0.37 92
1685350270829 0.37 93
1685350270900 0.38 94
1685350270966 0.38 95
1685350271036 0.38 96
1685350271103 0.39 97
1685350271174 0.39 98
1685350271249 0.4 99
1685350271316 0.4 100
1685350271383 0.4 101
1685350271451 0.41 102
1685350271518 0.41 103
1685350271587 0.42 104
1685350271654 0.42 105
1685350271722 0.42 106
1685350271791 0.43 107
1685350271859 0.43 108
1685350271926 0.44 109
1685350271993 0.44 110
1685350272063 0.44 111
1685350272131 0.45 112
1685350272198 0.45 113
1685350272265 0.46 114
1685350272332 0.46 115
1685350272421 0.46 116
1685350272489 0.47 117
1685350272561 0.47 118
1685350272634 0.48 119
1685350272701 0.48 120
1685350272769 0.48 121
1685350272837 0.49 122
1685350272904 0.49 123
1685350272971 0.5 124
1685350273037 0.5 125
1685350273107 0.5 126
1685350273174 0.51 127
1685350273246 0.51 128
1685350273314 0.52 129
1685350273382 0.52 130
1685350273451 0.52 131
1685350273520 0.53 132
1685350273587 0.53 133
1685350273660 0.54 134
1685350273731 0.54 135
1685350273801 0.54 136
1685350273868 0.55 137
1685350273935 0.55 138
1685350274003 0.56 139
1685350274074 0.56 140
1685350274142 0.56 141
1685350274216 0.57 142
1685350274284 0.57 143
1685350274354 0.58 144
1685350274424 0.58 145
1685350274495 0.58 146
1685350274563 0.59 147
1685350274631 0.59 148
1685350274699 0.6 149
1685350274768 0.6 150
1685350274836 0.6 151
1685350274903 0.61 152
1685350274972 0.61 153
1685350275039 0.62 154
1685350275110 0.62 155
1685350275179 0.62 156
1685350275250 0.63 157
1685350275325 0.63 158
1685350275392 0.64 159
1685350275460 0.64 160
1685350275528 0.64 161
1685350275597 0.65 162
1685350275665 0.65 163
1685350275733 0.66 164
1685350275800 0.66 165
1685350275868 0.66 166
1685350275936 0.67 167
1685350276003 0.67 168
1685350276074 0.68 169
1685350276144 0.68 170
1685350276212 0.68 171
1685350276281 0.69 172
1685350276348 0.69 173
1685350276419 0.7 174
1685350276488 0.7 175
1685350276556 0.7 176
1685350276624 0.71 177
1685350276693 0.71 178
1685350276762 0.72 179
1685350276830 0.72 180
1685350276901 0.72 181
1685350276969 0.73 182
1685350277037 0.73 183
1685350277108 0.74 184
1685350277179 0.74 185
1685350277255 0.74 186
1685350277325 0.75 187
1685350277400 0.75 188
1685350277469 0.76 189
1685350277539 0.76 190
1685350277607 0.76 191
1685350277676 0.77 192
1685350277743 0.77 193
1685350277810 0.78 194
1685350277885 0.78 195
1685350277954 0.78 196
1685350278021 0.79 197
1685350278093 0.79 198
1685350278166 0.8 199
1685350278235 0.8 200
1685350278303 0.8 201
1685350278372 0.81 202
1685350278441 0.81 203
1685350278510 0.82 204
1685350278578 0.82 205
1685350278645 0.82 206
1685350278712 0.83 207
1685350278783 0.83 208
1685350278849 0.84 209
1685350278918 0.84 210
1685350278985 0.84 211
1685350279052 0.85 212
1685350279126 0.85 213
1685350279196 0.86 214
1685350279265 0.86 215
1685350279337 0.86 216
1685350279406 0.87 217
1685350279474 0.87 218
1685350279543 0.88 219
1685350279613 0.88 220
1685350279682 0.88 221
1685350279750 0.89 222
1685350279818 0.89 223
1685350279888 0.9 224
1685350279957 0.9 225
1685350280030 0.9 226
1685350280101 0.91 227
1685350280176 0.91 228
1685350280247 0.92 229
1685350280316 0.92 230
1685350280383 0.92 231
1685350280454 0.93 232
1685350280524 0.93 233
1685350280593 0.94 234
1685350280662 0.94 235
1685350280731 0.94 236
1685350280801 0.95 237
1685350280873 0.95 238
1685350280941 0.96 239
1685350281010 0.96 240
1685350281080 0.96 241
1685350281148 0.97 242
1685350281216 0.97 243
1685350281290 0.98 244
1685350281361 0.98 245
1685350281430 0.98 246
1685350281498 0.99 247
1685350281567 0.99 248
1685350281635 1.0 249
1685350281688 1.0 250
1685350282087 1.0 250
1685350290371 1.0 251
1685350290446 1.01 252
1685350290514 1.01 253
1685350290581 1.02 254
1685350290648 1.02 255
1685350290721 1.02 256
1685350290789 1.03 257
1685350290856 1.03 258
1685350290923 1.04 259
1685350290990 1.04 260
1685350291056 1.04 261
1685350291130 1.05 262
1685350291198 1.05 263
1685350291264 1.06 264
1685350291330 1.06 265
1685350291400 1.06 266
1685350291467 1.07 267
1685350291534 1.07 268
1685350291603 1.08 269
1685350291669 1.08 270
1685350291736 1.08 271
1685350291803 1.09 272
1685350291869 1.09 273
1685350291936 1.1 274
1685350292004 1.1 275
1685350292072 1.1 276
1685350292139 1.11 277
1685350292206 1.11 278
1685350292274 1.12 279
1685350292341 1.12 280
1685350292409 1.12 281
1685350292477 1.13 282
1685350292545 1.13 283
1685350292612 1.14 284
1685350292680 1.14 285
1685350292748 1.14 286
1685350292816 1.15 287
1685350292883 1.15 288
1685350292953 1.16 289
1685350293019 1.16 290
1685350293086 1.16 291
1685350293154 1.17 292
1685350293221 1.17 293
1685350293289 1.18 294
1685350293359 1.18 295
1685350293427 1.18 296
1685350293494 1.19 297
1685350293564 1.19 298
1685350293631 1.2 299
1685350293696 1.2 300
1685350293764 1.2 301
1685350293831 1.21 302
1685350293901 1.21 303
1685350293968 1.22 304
1685350294035 1.22 305
1685350294103 1.22 306
1685350294170 1.23 307
1685350294238 1.23 308
1685350294305 1.24 309
1685350294372 1.24 310
1685350294440 1.24 311
1685350294507 1.25 312
1685350294574 1.25 313
1685350294642 1.26 314
1685350294710 1.26 315
1685350294777 1.26 316
1685350294850 1.27 317
1685350294919 1.27 318
1685350294986 1.28 319
1685350295054 1.28 320
1685350295121 1.28 321
1685350295195 1.29 322
1685350295263 1.29 323
1685350295330 1.3 324
1685350295397 1.3 325
1685350295464 1.3 326
1685350295531 1.31 327
1685350295598 1.31 328
1685350295665 1.32 329
1685350295732 1.32 330
1685350295799 1.32 331
1685350295866 1.33 332
1685350295934 1.33 333
1685350296002 1.34 334
1685350296069 1.34 335
1685350296137 1.34 336
1685350296204 1.35 337
1685350296276 1.35 338
1685350296345 1.36 339
1685350296412 1.36 340
1685350296482 1.36 341
1685350296551 1.37 342
1685350296619 1.37 343
1685350296688 1.38 344
1685350296757 1.38 345
1685350296825 1.38 346
1685350296893 1.39 347
1685350296961 1.39 348
1685350297029 1.4 349
1685350297098 1.4 350
1685350297167 1.4 351
1685350297236 1.41 352
1685350297304 1.41 353
1685350297375 1.42 354
1685350297442 1.42 355
1685350297510 1.42 356
1685350297576 1.43 357
1685350297645 1.43 358
1685350297713 1.44 359
1685350297779 1.44 360
1685350297846 1.44 361
1685350297916 1.45 362
1685350297983 1.45 363
1685350298051 1.46 364
1685350298119 1.46 365
1685350298188 1.46 366
1685350298257 1.47 367
1685350298329 1.47 368
1685350298397 1.48 369
1685350298473 1.48 370
1685350298542 1.48 371
1685350298611 1.49 372
1685350298679 1.49 373
1685350298748 1.5 374
1685350298817 1.5 375
1685350298884 1.5 376
1685350298950 1.51 377
1685350299017 1.51 378
1685350299085 1.52 379
1685350299152 1.52 380
1685350299219 1.52 381
1685350299286 1.53 382
1685350299353 1.53 383
1685350299419 1.54 384
1685350299486 1.54 385
1685350299552 1.54 386
1685350299619 1.55 387
1685350299686 1.55 388
1685350299752 1.56 389
1685350299819 1.56 390
1685350299886 1.56 391
1685350299951 1.57 392
1685350300018 1.57 393
1685350300087 1.58 394
1685350300154 1.58 395
1685350300222 1.58 396
1685350300288 1.59 397
1685350300354 1.59 398
1685350300425 1.6 399
1685350300494 1.6 400
1685350300565 1.6 401
1685350300636 1.61 402
1685350300705 1.61 403
1685350300771 1.62 404
1685350300839 1.62 405
1685350300909 1.62 406
1685350300978 1.63 407
1685350301046 1.63 408
1685350301117 1.64 409
1685350301187 1.64 410
1685350301256 1.64 411
1685350301325 1.65 412
1685350301394 1.65 413
1685350301463 1.66 414
1685350301531 1.66 415
1685350301601 1.66 416
1685350301670 1.67 417
1685350301737 1.67 418
1685350301804 1.68 419
1685350301869 1.68 420
1685350301937 1.68 421
1685350302007 1.69 422
1685350302075 1.69 423
1685350302144 1.7 424
1685350302212 1.7 425
1685350302278 1.7 426
1685350302345 1.71 427
1685350302434 1.71 428
1685350302505 1.72 429
1685350302575 1.72 430
1685350302644 1.72 431
1685350302710 1.73 432
1685350302776 1.73 433
1685350302844 1.74 434
1685350302915 1.74 435
1685350302982 1.74 436
1685350303051 1.75 437
1685350303122 1.75 438
1685350303190 1.76 439
1685350303257 1.76 440
1685350303326 1.76 441
1685350303393 1.77 442
1685350303462 1.77 443
1685350303532 1.78 444
1685350303599 1.78 445
1685350303668 1.78 446
1685350303737 1.79 447
1685350303804 1.79 448
1685350303869 1.8 449
1685350303937 1.8 450
1685350304004 1.8 451
1685350304075 1.81 452
1685350304144 1.81 453
1685350304220 1.82 454
1685350304288 1.82 455
1685350304355 1.82 456
1685350304423 1.83 457
1685350304496 1.83 458
1685350304565 1.84 459
1685350304632 1.84 460
1685350304698 1.84 461
1685350304764 1.85 462
1685350304832 1.85 463
1685350304899 1.86 464
1685350304967 1.86 465
1685350305044 1.86 466
1685350305112 1.87 467
1685350305178 1.87 468
1685350305247 1.88 469
1685350305313 1.88 470
1685350305378 1.88 471
1685350305448 1.89 472
1685350305514 1.89 473
1685350305581 1.9 474
1685350305647 1.9 475
1685350305712 1.9 476
1685350305781 1.91 477
1685350305851 1.91 478
1685350305918 1.92 479
1685350305990 1.92 480
1685350306059 1.92 481
1685350306131 1.93 482
1685350306200 1.93 483
1685350306265 1.94 484
1685350306332 1.94 485
1685350306399 1.94 486
1685350306465 1.95 487
1685350306533 1.95 488
1685350306602 1.96 489
1685350306671 1.96 490
1685350306737 1.96 491
1685350306803 1.97 492
1685350306870 1.97 493
1685350306937 1.98 494
1685350307005 1.98 495
1685350307070 1.98 496
1685350307136 1.99 497
1685350307201 1.99 498
1685350307265 2.0 499
1685350307321 2.0 500
1685350307718 2.0 500
1685350313867 2.0 501
1685350313937 2.01 502
1685350314006 2.01 503
1685350314072 2.02 504
1685350314143 2.02 505
1685350314210 2.02 506
1685350314278 2.03 507
1685350314343 2.03 508
1685350314409 2.04 509
1685350314475 2.04 510
1685350314544 2.04 511
1685350314610 2.05 512
1685350314675 2.05 513
1685350314741 2.06 514
1685350314807 2.06 515
1685350314873 2.06 516
1685350314939 2.07 517
1685350315007 2.07 518
1685350315077 2.08 519
1685350315145 2.08 520
1685350315213 2.08 521
1685350315282 2.09 522
1685350315350 2.09 523
1685350315421 2.1 524
1685350315488 2.1 525
1685350315555 2.1 526
1685350315623 2.11 527
1685350315689 2.11 528
1685350315756 2.12 529
1685350315822 2.12 530
1685350315889 2.12 531
1685350315954 2.13 532
1685350316021 2.13 533
1685350316087 2.14 534
1685350316152 2.14 535
1685350316219 2.14 536
1685350316288 2.15 537
1685350316356 2.15 538
1685350316423 2.16 539
1685350316490 2.16 540
1685350316563 2.16 541
1685350316633 2.17 542
1685350316703 2.17 543
1685350316769 2.18 544
1685350316836 2.18 545
1685350316903 2.18 546
1685350316973 2.19 547
1685350317040 2.19 548
1685350317107 2.2 549
1685350317174 2.2 550
1685350317242 2.2 551
1685350317309 2.21 552
1685350317378 2.21 553
1685350317444 2.22 554
1685350317512 2.22 555
1685350317578 2.22 556
1685350317646 2.23 557
1685350317717 2.23 558
1685350317785 2.24 559
1685350317851 2.24 560
1685350317919 2.24 561
1685350317986 2.25 562
1685350318052 2.25 563
1685350318118 2.26 564
1685350318185 2.26 565
1685350318251 2.26 566
1685350318319 2.27 567
1685350318387 2.27 568
1685350318454 2.28 569
1685350318523 2.28 570
1685350318590 2.28 571
1685350318657 2.29 572
1685350318725 2.29 573
1685350318791 2.3 574
1685350318857 2.3 575
1685350318923 2.3 576
1685350318991 2.31 577
1685350319059 2.31 578
1685350319128 2.32 579
1685350319196 2.32 580
1685350319263 2.32 581
1685350319331 2.33 582
1685350319397 2.33 583
1685350319465 2.34 584
1685350319531 2.34 585
1685350319596 2.34 586
1685350319663 2.35 587
1685350319731 2.35 588
1685350319797 2.36 589
1685350319864 2.36 590
1685350319932 2.36 591
1685350319997 2.37 592
1685350320066 2.37 593
1685350320134 2.38 594
1685350320201 2.38 595
1685350320268 2.38 596
1685350320336 2.39 597
1685350320402 2.39 598
1685350320470 2.4 599
1685350320536 2.4 600
1685350320603 2.4 601
1685350320670 2.41 602
1685350320736 2.41 603
1685350320804 2.42 604
1685350320870 2.42 605
1685350320936 2.42 606
1685350321002 2.43 607
1685350321068 2.43 608
1685350321136 2.44 609
1685350321203 2.44 610
1685350321270 2.44 611
1685350321336 2.45 612
1685350321404 2.45 613
1685350321472 2.46 614
1685350321541 2.46 615
1685350321608 2.46 616
1685350321678 2.47 617
1685350321746 2.47 618
1685350321821 2.48 619
1685350321893 2.48 620
1685350321964 2.48 621
1685350322034 2.49 622
1685350322104 2.49 623
1685350322172 2.5 624
1685350322240 2.5 625
1685350322306 2.5 626
1685350322371 2.51 627
1685350322437 2.51 628
1685350322506 2.52 629
1685350322573 2.52 630
1685350322640 2.52 631
1685350322707 2.53 632
1685350322773 2.53 633
1685350322840 2.54 634
1685350322906 2.54 635
1685350322975 2.54 636
1685350323041 2.55 637
1685350323109 2.55 638
1685350323176 2.56 639
1685350323242 2.56 640
1685350323309 2.56 641
1685350323376 2.57 642
1685350323443 2.57 643
1685350323515 2.58 644
1685350323588 2.58 645
1685350323656 2.58 646
1685350323721 2.59 647
1685350323788 2.59 648
1685350323854 2.6 649
1685350323920 2.6 650
1685350323987 2.6 651
1685350324055 2.61 652
1685350324122 2.61 653
1685350324188 2.62 654
1685350324256 2.62 655
1685350324323 2.62 656
1685350324391 2.63 657
1685350324457 2.63 658
1685350324525 2.64 659
1685350324593 2.64 660
1685350324660 2.64 661
1685350324726 2.65 662
1685350324792 2.65 663
1685350324862 2.66 664
1685350324929 2.66 665
1685350324996 2.66 666
1685350325062 2.67 667
1685350325128 2.67 668
1685350325194 2.68 669
1685350325259 2.68 670
1685350325324 2.68 671
1685350325389 2.69 672
1685350325458 2.69 673
1685350325526 2.7 674
1685350325592 2.7 675
1685350325660 2.7 676
1685350325729 2.71 677
1685350325795 2.71 678
1685350325861 2.72 679
1685350325927 2.72 680
1685350325992 2.72 681
1685350326057 2.73 682
1685350326123 2.73 683
1685350326191 2.74 684
1685350326257 2.74 685
1685350326325 2.74 686
1685350326396 2.75 687
1685350326464 2.75 688
1685350326532 2.76 689
1685350326599 2.76 690
1685350326671 2.76 691
1685350326741 2.77 692
1685350326807 2.77 693
1685350326873 2.78 694
1685350326939 2.78 695
1685350327006 2.78 696
1685350327074 2.79 697
1685350327142 2.79 698
1685350327208 2.8 699
1685350327273 2.8 700
1685350327341 2.8 701
1685350327410 2.81 702
1685350327475 2.81 703
1685350327542 2.82 704
1685350327608 2.82 705
1685350327675 2.82 706
1685350327741 2.83 707
1685350327807 2.83 708
1685350327873 2.84 709
1685350327941 2.84 710
1685350328008 2.84 711
1685350328074 2.85 712
1685350328140 2.85 713
1685350328208 2.86 714
1685350328279 2.86 715
1685350328349 2.86 716
1685350328420 2.87 717
1685350328500 2.87 718
1685350328572 2.88 719
1685350328639 2.88 720
1685350328706 2.88 721
1685350328772 2.89 722
1685350328838 2.89 723
1685350328982 2.9 724
1685350329048 2.9 725
1685350329115 2.9 726
1685350329183 2.91 727
1685350329251 2.91 728
1685350329328 2.92 729
1685350329396 2.92 730
1685350329464 2.92 731
1685350329535 2.93 732
1685350329602 2.93 733
1685350329670 2.94 734
1685350329735 2.94 735
1685350329802 2.94 736
1685350329869 2.95 737
1685350329937 2.95 738
1685350330003 2.96 739
1685350330071 2.96 740
1685350330143 2.96 741
1685350330214 2.97 742
1685350330283 2.97 743
1685350330351 2.98 744
1685350330425 2.98 745
1685350330493 2.98 746
1685350330561 2.99 747
1685350330629 2.99 748
1685350330696 3.0 749
1685350330750 3.0 750
1685350331147 3.0 750
1685350336969 3.0 751
1685350337047 3.01 752
1685350337119 3.01 753
1685350337185 3.02 754
1685350337252 3.02 755
1685350337321 3.02 756
1685350337389 3.03 757
1685350337455 3.03 758
1685350337530 3.04 759
1685350337598 3.04 760
1685350337665 3.04 761
1685350337732 3.05 762
1685350337798 3.05 763
1685350337865 3.06 764
1685350337930 3.06 765
1685350337996 3.06 766
1685350338063 3.07 767
1685350338129 3.07 768
1685350338196 3.08 769
1685350338263 3.08 770
1685350338332 3.08 771
1685350338400 3.09 772
1685350338466 3.09 773
1685350338531 3.1 774
1685350338598 3.1 775
1685350338664 3.1 776
1685350338730 3.11 777
1685350338797 3.11 778
1685350338864 3.12 779
1685350338931 3.12 780
1685350338998 3.12 781
1685350339065 3.13 782
1685350339130 3.13 783
1685350339196 3.14 784
1685350339263 3.14 785
1685350339331 3.14 786
1685350339398 3.15 787
1685350339467 3.15 788
1685350339538 3.16 789
1685350339603 3.16 790
1685350339669 3.16 791
1685350339734 3.17 792
1685350339803 3.17 793
1685350339869 3.18 794
1685350339934 3.18 795
1685350340001 3.18 796
1685350340070 3.19 797
1685350340137 3.19 798
1685350340202 3.2 799
1685350340268 3.2 800
1685350340333 3.2 801
1685350340399 3.21 802
1685350340467 3.21 803
1685350340533 3.22 804
1685350340600 3.22 805
1685350340666 3.22 806
1685350340732 3.23 807
1685350340800 3.23 808
1685350340866 3.24 809
1685350340931 3.24 810
1685350340997 3.24 811
1685350341063 3.25 812
1685350341128 3.25 813
1685350341193 3.26 814
1685350341259 3.26 815
1685350341326 3.26 816
1685350341392 3.27 817
1685350341457 3.27 818
1685350341524 3.28 819
1685350341592 3.28 820
1685350341660 3.28 821
1685350341727 3.29 822
1685350341796 3.29 823
1685350341863 3.3 824
1685350341929 3.3 825
1685350341996 3.3 826
1685350342063 3.31 827
1685350342131 3.31 828
1685350342197 3.32 829
1685350342263 3.32 830
1685350342330 3.32 831
1685350342396 3.33 832
1685350342462 3.33 833
1685350342528 3.34 834
1685350342595 3.34 835
1685350342664 3.34 836
1685350342731 3.35 837
1685350342797 3.35 838
1685350342863 3.36 839
1685350342928 3.36 840
1685350342994 3.36 841
1685350343058 3.37 842
1685350343125 3.37 843
1685350343194 3.38 844
1685350343260 3.38 845
1685350343325 3.38 846
1685350343390 3.39 847
1685350343459 3.39 848
1685350343530 3.4 849
1685350343603 3.4 850
1685350343669 3.4 851
1685350343734 3.41 852
1685350343805 3.41 853
1685350343873 3.42 854
1685350343938 3.42 855
1685350344005 3.42 856
1685350344071 3.43 857
1685350344139 3.43 858
1685350344205 3.44 859
1685350344273 3.44 860
1685350344340 3.44 861
1685350344405 3.45 862
1685350344471 3.45 863
1685350344540 3.46 864
1685350344606 3.46 865
1685350344673 3.46 866
1685350344740 3.47 867
1685350344807 3.47 868
1685350344875 3.48 869
1685350344941 3.48 870
1685350345007 3.48 871
1685350345073 3.49 872
1685350345140 3.49 873
1685350345207 3.5 874
1685350345272 3.5 875
1685350345342 3.5 876
1685350345408 3.51 877
1685350345475 3.51 878
1685350345540 3.52 879
1685350345607 3.52 880
1685350345673 3.52 881
1685350345739 3.53 882
1685350345807 3.53 883
1685350345872 3.54 884
1685350345937 3.54 885
1685350346002 3.54 886
1685350346068 3.55 887
1685350346135 3.55 888
1685350346204 3.56 889
1685350346270 3.56 890
1685350346336 3.56 891
1685350346403 3.57 892
1685350346469 3.57 893
1685350346536 3.58 894
1685350346602 3.58 895
1685350346667 3.58 896
1685350346732 3.59 897
1685350346798 3.59 898
1685350346863 3.6 899
1685350346929 3.6 900
1685350346994 3.6 901
1685350347059 3.61 902
1685350347127 3.61 903
1685350347193 3.62 904
1685350347258 3.62 905
1685350347324 3.62 906
1685350347391 3.63 907
1685350347458 3.63 908
1685350347523 3.64 909
1685350347590 3.64 910
1685350347656 3.64 911
1685350347723 3.65 912
1685350347788 3.65 913
1685350347855 3.66 914
1685350347925 3.66 915
1685350347991 3.66 916
1685350348057 3.67 917
1685350348123 3.67 918
1685350348188 3.68 919
1685350348253 3.68 920
1685350348319 3.68 921
1685350348386 3.69 922
1685350348451 3.69 923
1685350348520 3.7 924
1685350348586 3.7 925
1685350348653 3.7 926
1685350348719 3.71 927
1685350348783 3.71 928
1685350348851 3.72 929
1685350348917 3.72 930
1685350348983 3.72 931
1685350349049 3.73 932
1685350349115 3.73 933
1685350349180 3.74 934
1685350349245 3.74 935
1685350349309 3.74 936
1685350349374 3.75 937
1685350349440 3.75 938
1685350349505 3.76 939
1685350349570 3.76 940
1685350349635 3.76 941
1685350349701 3.77 942
1685350349772 3.77 943
1685350349844 3.78 944
1685350349917 3.78 945
1685350349983 3.78 946
1685350350050 3.79 947
1685350350116 3.79 948
1685350350185 3.8 949
1685350350253 3.8 950
1685350350319 3.8 951
1685350350386 3.81 952
1685350350457 3.81 953
1685350350527 3.82 954
1685350350594 3.82 955
1685350350659 3.82 956
1685350350730 3.83 957
1685350350794 3.83 958
1685350350862 3.84 959
1685350350930 3.84 960
1685350350996 3.84 961
1685350351065 3.85 962
1685350351132 3.85 963
1685350351197 3.86 964
1685350351262 3.86 965
1685350351328 3.86 966
1685350351397 3.87 967
1685350351461 3.87 968
1685350351527 3.88 969
1685350351596 3.88 970
1685350351662 3.88 971
1685350351729 3.89 972
1685350351795 3.89 973
1685350351862 3.9 974
1685350351929 3.9 975
1685350351994 3.9 976
1685350352062 3.91 977
1685350352130 3.91 978
1685350352199 3.92 979
1685350352269 3.92 980
1685350352339 3.92 981
1685350352409 3.93 982
1685350352477 3.93 983
1685350352546 3.94 984
1685350352612 3.94 985
1685350352678 3.94 986
1685350352746 3.95 987
1685350352811 3.95 988
1685350352879 3.96 989
1685350352944 3.96 990
1685350353011 3.96 991
1685350353077 3.97 992
1685350353144 3.97 993
1685350353214 3.98 994
1685350353285 3.98 995
1685350353356 3.98 996
1685350353429 3.99 997
1685350353500 3.99 998
1685350353574 4.0 999
1685350353629 4.0 1000
1685350354029 4.0 1000
1685350359565 4.0 1001
1685350359640 4.01 1002
1685350359712 4.01 1003
1685350359782 4.02 1004
1685350359850 4.02 1005
1685350359920 4.02 1006
1685350359986 4.03 1007
1685350360055 4.03 1008
1685350360122 4.04 1009
1685350360190 4.04 1010
1685350360257 4.04 1011
1685350360322 4.05 1012
1685350360389 4.05 1013
1685350360457 4.06 1014
1685350360522 4.06 1015
1685350360588 4.06 1016
1685350360653 4.07 1017
1685350360720 4.07 1018
1685350360786 4.08 1019
1685350360854 4.08 1020
1685350360924 4.08 1021
1685350360991 4.09 1022
1685350361057 4.09 1023
1685350361124 4.1 1024
1685350361192 4.1 1025
1685350361258 4.1 1026
1685350361325 4.11 1027
1685350361391 4.11 1028
1685350361460 4.12 1029
1685350361525 4.12 1030
1685350361594 4.12 1031
1685350361660 4.13 1032
1685350361726 4.13 1033
1685350361792 4.14 1034
1685350361858 4.14 1035
1685350361926 4.14 1036
1685350361993 4.15 1037
1685350362062 4.15 1038
1685350362129 4.16 1039
1685350362194 4.16 1040
1685350362262 4.16 1041
1685350362329 4.17 1042
1685350362425 4.17 1043
1685350362491 4.18 1044
1685350362558 4.18 1045
1685350362626 4.18 1046
1685350362696 4.19 1047
1685350362763 4.19 1048
1685350362831 4.2 1049
1685350362897 4.2 1050
1685350362964 4.2 1051
1685350363031 4.21 1052
1685350363099 4.21 1053
1685350363166 4.22 1054
1685350363233 4.22 1055
1685350363301 4.22 1056
1685350363368 4.23 1057
1685350363436 4.23 1058
1685350363503 4.24 1059
1685350363570 4.24 1060
1685350363637 4.24 1061
1685350363705 4.25 1062
1685350363774 4.25 1063
1685350363842 4.26 1064
1685350363908 4.26 1065
1685350363972 4.26 1066
1685350364039 4.27 1067
1685350364105 4.27 1068
1685350364170 4.28 1069
1685350364236 4.28 1070
1685350364303 4.28 1071
1685350364369 4.29 1072
1685350364440 4.29 1073
1685350364509 4.3 1074
1685350364581 4.3 1075
1685350364648 4.3 1076
1685350364713 4.31 1077
1685350364779 4.31 1078
1685350364845 4.32 1079
1685350364912 4.32 1080
1685350364978 4.32 1081
1685350365042 4.33 1082
1685350365107 4.33 1083
1685350365172 4.34 1084
1685350365237 4.34 1085
1685350365303 4.34 1086
1685350365368 4.35 1087
1685350365434 4.35 1088
1685350365501 4.36 1089
1685350365571 4.36 1090
1685350365640 4.36 1091
1685350365706 4.37 1092
1685350365771 4.37 1093
1685350365837 4.38 1094
1685350365904 4.38 1095
1685350365972 4.38 1096
1685350366038 4.39 1097
1685350366105 4.39 1098
1685350366170 4.4 1099
1685350366235 4.4 1100
1685350366301 4.4 1101
1685350366367 4.41 1102
1685350366435 4.41 1103
1685350366503 4.42 1104
1685350366571 4.42 1105
1685350366637 4.42 1106
1685350366702 4.43 1107
1685350366767 4.43 1108
1685350366833 4.44 1109
1685350366901 4.44 1110
1685350366967 4.44 1111
1685350367033 4.45 1112
1685350367099 4.45 1113
1685350367165 4.46 1114
1685350367232 4.46 1115
1685350367298 4.46 1116
1685350367364 4.47 1117
1685350367432 4.47 1118
1685350367501 4.48 1119
1685350367569 4.48 1120
1685350367638 4.48 1121
1685350367703 4.49 1122
1685350367768 4.49 1123
1685350367833 4.5 1124
1685350367899 4.5 1125
1685350367965 4.5 1126
1685350368031 4.51 1127
1685350368097 4.51 1128
1685350368163 4.52 1129
1685350368229 4.52 1130
1685350368295 4.52 1131
1685350368362 4.53 1132
1685350368430 4.53 1133
1685350368498 4.54 1134
1685350368568 4.54 1135
1685350368635 4.54 1136
1685350368705 4.55 1137
1685350368774 4.55 1138
1685350368845 4.56 1139
1685350368982 4.56 1140
1685350369049 4.56 1141
1685350369115 4.57 1142
1685350369183 4.57 1143
1685350369248 4.58 1144
1685350369316 4.58 1145
1685350369382 4.58 1146
1685350369448 4.59 1147
1685350369517 4.59 1148
1685350369584 4.6 1149
1685350369651 4.6 1150
1685350369717 4.6 1151
1685350369784 4.61 1152
1685350369853 4.61 1153
1685350369919 4.62 1154
1685350369991 4.62 1155
1685350370059 4.62 1156
1685350370130 4.63 1157
1685350370197 4.63 1158
1685350370266 4.64 1159
1685350370332 4.64 1160
1685350370398 4.64 1161
1685350370469 4.65 1162
1685350370537 4.65 1163
1685350370608 4.66 1164
1685350370680 4.66 1165
1685350370746 4.66 1166
1685350370813 4.67 1167
1685350370879 4.67 1168
1685350370944 4.68 1169
1685350371011 4.68 1170
1685350371077 4.68 1171
1685350371143 4.69 1172
1685350371208 4.69 1173
1685350371274 4.7 1174
1685350371341 4.7 1175
1685350371407 4.7 1176
1685350371475 4.71 1177
1685350371542 4.71 1178
1685350371611 4.72 1179
1685350371678 4.72 1180
1685350371745 4.72 1181
1685350371810 4.73 1182
1685350371877 4.73 1183
1685350371943 4.74 1184
1685350372011 4.74 1185
1685350372078 4.74 1186
1685350372147 4.75 1187
1685350372214 4.75 1188
1685350372283 4.76 1189
1685350372350 4.76 1190
1685350372416 4.76 1191
1685350372483 4.77 1192
1685350372553 4.77 1193
1685350372619 4.78 1194
1685350372685 4.78 1195
1685350372752 4.78 1196
1685350372819 4.79 1197
1685350372886 4.79 1198
1685350372952 4.8 1199
1685350373022 4.8 1200
1685350373088 4.8 1201
1685350373153 4.81 1202
1685350373220 4.81 1203
1685350373286 4.82 1204
1685350373352 4.82 1205
1685350373418 4.82 1206
1685350373484 4.83 1207
1685350373550 4.83 1208
1685350373617 4.84 1209
1685350373685 4.84 1210
1685350373751 4.84 1211
1685350373817 4.85 1212
1685350373882 4.85 1213
1685350373949 4.86 1214
1685350374014 4.86 1215
1685350374080 4.86 1216
1685350374146 4.87 1217
1685350374214 4.87 1218
1685350374281 4.88 1219
1685350374349 4.88 1220
1685350374415 4.88 1221
1685350374483 4.89 1222
1685350374551 4.89 1223
1685350374617 4.9 1224
1685350374684 4.9 1225
1685350374752 4.9 1226
1685350374818 4.91 1227
1685350374888 4.91 1228
1685350374955 4.92 1229
1685350375024 4.92 1230
1685350375093 4.92 1231
1685350375162 4.93 1232
1685350375231 4.93 1233
1685350375298 4.94 1234
1685350375366 4.94 1235
1685350375435 4.94 1236
1685350375506 4.95 1237
1685350375577 4.95 1238
1685350375649 4.96 1239
1685350375717 4.96 1240
1685350375789 4.96 1241
1685350375857 4.97 1242
1685350375923 4.97 1243
1685350375988 4.98 1244
1685350376054 4.98 1245
1685350376119 4.98 1246
1685350376184 4.99 1247
1685350376250 4.99 1248
1685350376316 5.0 1249
1685350376367 5.0 1250
1685350376773 5.0 1250
1685350384413 5.0 1251
1685350384488 5.01 1252
1685350384559 5.01 1253
1685350384630 5.02 1254
1685350384697 5.02 1255
1685350384764 5.02 1256
1685350384829 5.03 1257
1685350384895 5.03 1258
1685350384962 5.04 1259
1685350385027 5.04 1260
1685350385092 5.04 1261
1685350385159 5.05 1262
1685350385225 5.05 1263
1685350385294 5.06 1264
1685350385360 5.06 1265
1685350385428 5.06 1266
1685350385497 5.07 1267
1685350385563 5.07 1268
1685350385632 5.08 1269
1685350385700 5.08 1270
1685350385767 5.08 1271
1685350385833 5.09 1272
1685350385900 5.09 1273
1685350385968 5.1 1274
1685350386036 5.1 1275
1685350386101 5.1 1276
1685350386167 5.11 1277
1685350386232 5.11 1278
1685350386297 5.12 1279
1685350386363 5.12 1280
1685350386430 5.12 1281
1685350386495 5.13 1282
1685350386563 5.13 1283
1685350386630 5.14 1284
1685350386697 5.14 1285
1685350386764 5.14 1286
1685350386829 5.15 1287
1685350386894 5.15 1288
1685350386962 5.16 1289
1685350387029 5.16 1290
1685350387095 5.16 1291
1685350387161 5.17 1292
1685350387227 5.17 1293
1685350387294 5.18 1294
1685350387361 5.18 1295
1685350387427 5.18 1296
1685350387492 5.19 1297
1685350387561 5.19 1298
1685350387628 5.2 1299
1685350387695 5.2 1300
1685350387761 5.2 1301
1685350387826 5.21 1302
1685350387891 5.21 1303
1685350387956 5.22 1304
1685350388024 5.22 1305
1685350388092 5.22 1306
1685350388166 5.23 1307
1685350388234 5.23 1308
1685350388300 5.24 1309
1685350388366 5.24 1310
1685350388432 5.24 1311
1685350388501 5.25 1312
1685350388572 5.25 1313
1685350388638 5.26 1314
1685350388704 5.26 1315
1685350388769 5.26 1316
1685350388835 5.27 1317
1685350388901 5.27 1318
1685350388966 5.28 1319
1685350389031 5.28 1320
1685350389098 5.28 1321
1685350389165 5.29 1322
1685350389232 5.29 1323
1685350389298 5.3 1324
1685350389365 5.3 1325
1685350389431 5.3 1326
1685350389499 5.31 1327
1685350389565 5.31 1328
1685350389634 5.32 1329
1685350389700 5.32 1330
1685350389766 5.32 1331
1685350389835 5.33 1332
1685350389908 5.33 1333
1685350389978 5.34 1334
1685350390049 5.34 1335
1685350390117 5.34 1336
1685350390184 5.35 1337
1685350390249 5.35 1338
1685350390317 5.36 1339
1685350390384 5.36 1340
1685350390453 5.36 1341
1685350390522 5.37 1342
1685350390588 5.37 1343
1685350390655 5.38 1344
1685350390732 5.38 1345
1685350390800 5.38 1346
1685350390866 5.39 1347
1685350390931 5.39 1348
1685350390996 5.4 1349
1685350391060 5.4 1350
1685350391125 5.4 1351
1685350391191 5.41 1352
1685350391257 5.41 1353
1685350391323 5.42 1354
1685350391389 5.42 1355
1685350391457 5.42 1356
1685350391525 5.43 1357
1685350391594 5.43 1358
1685350391662 5.44 1359
1685350391733 5.44 1360
1685350391806 5.44 1361
1685350391873 5.45 1362
1685350391944 5.45 1363
1685350392010 5.46 1364
1685350392076 5.46 1365
1685350392143 5.46 1366
1685350392208 5.47 1367
1685350392278 5.47 1368
1685350392349 5.48 1369
1685350392419 5.48 1370
1685350392492 5.48 1371
1685350392560 5.49 1372
1685350392626 5.49 1373
1685350392692 5.5 1374
1685350392758 5.5 1375
1685350392824 5.5 1376
1685350392891 5.51 1377
1685350392957 5.51 1378
1685350393024 5.52 1379
1685350393089 5.52 1380
1685350393154 5.52 1381
1685350393220 5.53 1382
1685350393284 5.53 1383
1685350393350 5.54 1384
1685350393416 5.54 1385
1685350393482 5.54 1386
1685350393547 5.55 1387
1685350393613 5.55 1388
1685350393680 5.56 1389
1685350393745 5.56 1390
1685350393811 5.56 1391
1685350393876 5.57 1392
1685350393993 5.57 1393
1685350394058 5.58 1394
1685350394123 5.58 1395
1685350394189 5.58 1396
1685350394257 5.59 1397
1685350394323 5.59 1398
1685350394388 5.6 1399
1685350394456 5.6 1400
1685350394522 5.6 1401
1685350394588 5.61 1402
1685350394654 5.61 1403
1685350394720 5.62 1404
1685350394786 5.62 1405
1685350394851 5.62 1406
1685350394919 5.63 1407
1685350394985 5.63 1408
1685350395051 5.64 1409
1685350395116 5.64 1410
1685350395184 5.64 1411
1685350395249 5.65 1412
1685350395317 5.65 1413
1685350395383 5.66 1414
1685350395449 5.66 1415
1685350395515 5.66 1416
1685350395582 5.67 1417
1685350395648 5.67 1418
1685350395717 5.68 1419
1685350395784 5.68 1420
1685350395850 5.68 1421
1685350395916 5.69 1422
1685350395981 5.69 1423
1685350396046 5.7 1424
1685350396114 5.7 1425
1685350396181 5.7 1426
1685350396250 5.71 1427
1685350396317 5.71 1428
1685350396382 5.72 1429
1685350396451 5.72 1430
1685350396518 5.72 1431
1685350396585 5.73 1432
1685350396649 5.73 1433
1685350396715 5.74 1434
1685350396787 5.74 1435
1685350396853 5.74 1436
1685350396922 5.75 1437
1685350396988 5.75 1438
1685350397061 5.76 1439
1685350397129 5.76 1440
1685350397200 5.76 1441
1685350397269 5.77 1442
1685350397342 5.77 1443
1685350397410 5.78 1444
1685350397481 5.78 1445
1685350397549 5.78 1446
1685350397620 5.79 1447
1685350397687 5.79 1448
1685350397755 5.8 1449
1685350397824 5.8 1450
1685350397891 5.8 1451
1685350397957 5.81 1452
1685350398026 5.81 1453
1685350398093 5.82 1454
1685350398162 5.82 1455
1685350398227 5.82 1456
1685350398293 5.83 1457
1685350398363 5.83 1458
1685350398435 5.84 1459
1685350398504 5.84 1460
1685350398575 5.84 1461
1685350398644 5.85 1462
1685350398718 5.85 1463
1685350398785 5.86 1464
1685350398857 5.86 1465
1685350398925 5.86 1466
1685350398995 5.87 1467
1685350399063 5.87 1468
1685350399132 5.88 1469
1685350399198 5.88 1470
1685350399264 5.88 1471
1685350399331 5.89 1472
1685350399398 5.89 1473
1685350399464 5.9 1474
1685350399531 5.9 1475
1685350399596 5.9 1476
1685350399662 5.91 1477
1685350399732 5.91 1478
1685350399799 5.92 1479
1685350399866 5.92 1480
1685350399934 5.92 1481
1685350399999 5.93 1482
1685350400067 5.93 1483
1685350400133 5.94 1484
1685350400199 5.94 1485
1685350400266 5.94 1486
1685350400333 5.95 1487
1685350400401 5.95 1488
1685350400471 5.96 1489
1685350400537 5.96 1490
1685350400602 5.96 1491
1685350400668 5.97 1492
1685350400733 5.97 1493
1685350400799 5.98 1494
1685350400865 5.98 1495
1685350400930 5.98 1496
1685350400997 5.99 1497
1685350401063 5.99 1498
1685350401130 6.0 1499
1685350401182 6.0 1500
1685350401581 6.0 1500
1685350408358 6.0 1501
1685350408429 6.01 1502
1685350408495 6.01 1503
1685350408566 6.02 1504
1685350408631 6.02 1505
1685350408696 6.02 1506
1685350408761 6.03 1507
1685350408827 6.03 1508
1685350408899 6.04 1509
1685350408965 6.04 1510
1685350409030 6.04 1511
1685350409095 6.05 1512
1685350409160 6.05 1513
1685350409227 6.06 1514
1685350409292 6.06 1515
1685350409358 6.06 1516
1685350409425 6.07 1517
1685350409491 6.07 1518
1685350409557 6.08 1519
1685350409623 6.08 1520
1685350409689 6.08 1521
1685350409754 6.09 1522
1685350409819 6.09 1523
1685350409885 6.1 1524
1685350409956 6.1 1525
1685350410022 6.1 1526
1685350410088 6.11 1527
1685350410154 6.11 1528
1685350410219 6.12 1529
1685350410286 6.12 1530
1685350410351 6.12 1531
1685350410417 6.13 1532
1685350410485 6.13 1533
1685350410551 6.14 1534
1685350410616 6.14 1535
1685350410682 6.14 1536
1685350410747 6.15 1537
1685350410814 6.15 1538
1685350410883 6.16 1539
1685350410951 6.16 1540
1685350411018 6.16 1541
1685350411084 6.17 1542
1685350411150 6.17 1543
1685350411214 6.18 1544
1685350411281 6.18 1545
1685350411346 6.18 1546
1685350411411 6.19 1547
1685350411478 6.19 1548
1685350411544 6.2 1549
1685350411611 6.2 1550
1685350411678 6.2 1551
1685350411742 6.21 1552
1685350411807 6.21 1553
1685350411872 6.22 1554
1685350411938 6.22 1555
1685350412003 6.22 1556
1685350412070 6.23 1557
1685350412136 6.23 1558
1685350412203 6.24 1559
1685350412267 6.24 1560
1685350412332 6.24 1561
1685350412401 6.25 1562
1685350412469 6.25 1563
1685350412535 6.26 1564
1685350412601 6.26 1565
1685350412666 6.26 1566
1685350412731 6.27 1567
1685350412795 6.27 1568
1685350412865 6.28 1569
1685350412931 6.28 1570
1685350412997 6.28 1571
1685350413064 6.29 1572
1685350413130 6.29 1573
1685350413195 6.3 1574
1685350413267 6.3 1575
1685350413333 6.3 1576
1685350413399 6.31 1577
1685350413467 6.31 1578
1685350413532 6.32 1579
1685350413601 6.32 1580
1685350413667 6.32 1581
1685350413732 6.33 1582
1685350413797 6.33 1583
1685350413863 6.34 1584
1685350413928 6.34 1585
1685350413994 6.34 1586
1685350414058 6.35 1587
1685350414123 6.35 1588
1685350414188 6.36 1589
1685350414255 6.36 1590
1685350414323 6.36 1591
1685350414389 6.37 1592
1685350414458 6.37 1593
1685350414527 6.38 1594
1685350414598 6.38 1595
1685350414666 6.38 1596
1685350414732 6.39 1597
1685350414799 6.39 1598
1685350414866 6.4 1599
1685350414932 6.4 1600
1685350414996 6.4 1601
1685350415061 6.41 1602
1685350415126 6.41 1603
1685350415193 6.42 1604
1685350415263 6.42 1605
1685350415329 6.42 1606
1685350415394 6.43 1607
1685350415459 6.43 1608
1685350415523 6.44 1609
1685350415590 6.44 1610
1685350415654 6.44 1611
1685350415720 6.45 1612
1685350415786 6.45 1613
1685350415851 6.46 1614
1685350415917 6.46 1615
1685350415984 6.46 1616
1685350416049 6.47 1617
1685350416115 6.47 1618
1685350416182 6.48 1619
1685350416246 6.48 1620
1685350416313 6.48 1621
1685350416380 6.49 1622
1685350416445 6.49 1623
1685350416512 6.5 1624
1685350416579 6.5 1625
1685350416644 6.5 1626
1685350416710 6.51 1627
1685350416774 6.51 1628
1685350416841 6.52 1629
1685350416912 6.52 1630
1685350416977 6.52 1631
1685350417042 6.53 1632
1685350417108 6.53 1633
1685350417174 6.54 1634
1685350417240 6.54 1635
1685350417306 6.54 1636
1685350417371 6.55 1637
1685350417438 6.55 1638
1685350417503 6.56 1639
1685350417568 6.56 1640
1685350417633 6.56 1641
1685350417698 6.57 1642
1685350417763 6.57 1643
1685350417829 6.58 1644
1685350417894 6.58 1645
1685350417960 6.58 1646
1685350418024 6.59 1647
1685350418090 6.59 1648
1685350418154 6.6 1649
1685350418220 6.6 1650
1685350418288 6.6 1651
1685350418356 6.61 1652
1685350418422 6.61 1653
1685350418487 6.62 1654
1685350418553 6.62 1655
1685350418619 6.62 1656
1685350418685 6.63 1657
1685350418751 6.63 1658
1685350418817 6.64 1659
1685350418886 6.64 1660
1685350418951 6.64 1661
1685350419019 6.65 1662
1685350419085 6.65 1663
1685350419151 6.66 1664
1685350419217 6.66 1665
1685350419282 6.66 1666
1685350419346 6.67 1667
1685350419411 6.67 1668
1685350419478 6.68 1669
1685350419543 6.68 1670
1685350419608 6.68 1671
1685350419672 6.69 1672
1685350419739 6.69 1673
1685350419806 6.7 1674
1685350419872 6.7 1675
1685350419937 6.7 1676
1685350420008 6.71 1677
1685350420075 6.71 1678
1685350420141 6.72 1679
1685350420208 6.72 1680
1685350420276 6.72 1681
1685350420343 6.73 1682
1685350420410 6.73 1683
1685350420476 6.74 1684
1685350420543 6.74 1685
1685350420607 6.74 1686
1685350420672 6.75 1687
1685350420736 6.75 1688
1685350420802 6.76 1689
1685350420867 6.76 1690
1685350420932 6.76 1691
1685350420997 6.77 1692
1685350421062 6.77 1693
1685350421127 6.78 1694
1685350421193 6.78 1695
1685350421258 6.78 1696
1685350421324 6.79 1697
1685350421390 6.79 1698
1685350421455 6.8 1699
1685350421523 6.8 1700
1685350421597 6.8 1701
1685350421664 6.81 1702
1685350421732 6.81 1703
1685350421798 6.82 1704
1685350421865 6.82 1705
1685350421930 6.82 1706
1685350421999 6.83 1707
1685350422066 6.83 1708
1685350422133 6.84 1709
1685350422199 6.84 1710
1685350422267 6.84 1711
1685350422333 6.85 1712
1685350422428 6.85 1713
1685350422495 6.86 1714
1685350422565 6.86 1715
1685350422632 6.86 1716
1685350422698 6.87 1717
1685350422764 6.87 1718
1685350422829 6.88 1719
1685350422895 6.88 1720
1685350422960 6.88 1721
1685350423024 6.89 1722
1685350423090 6.89 1723
1685350423159 6.9 1724
1685350423226 6.9 1725
1685350423292 6.9 1726
1685350423358 6.91 1727
1685350423424 6.91 1728
1685350423492 6.92 1729
1685350423557 6.92 1730
1685350423624 6.92 1731
1685350423688 6.93 1732
1685350423754 6.93 1733
1685350423820 6.94 1734
1685350423885 6.94 1735
1685350423951 6.94 1736
1685350424017 6.95 1737
1685350424081 6.95 1738
1685350424146 6.96 1739
1685350424212 6.96 1740
1685350424278 6.96 1741
1685350424346 6.97 1742
1685350424411 6.97 1743
1685350424477 6.98 1744
1685350424544 6.98 1745
1685350424609 6.98 1746
1685350424674 6.99 1747
1685350424740 6.99 1748
1685350424806 7.0 1749
1685350424858 7.0 1750
1685350425260 7.0 1750
1685350431620 7.0 1751
1685350431696 7.01 1752
1685350431763 7.01 1753
1685350431831 7.02 1754
1685350431898 7.02 1755
1685350431968 7.02 1756
1685350432036 7.03 1757
1685350432107 7.03 1758
1685350432177 7.04 1759
1685350432243 7.04 1760
1685350432309 7.04 1761
1685350432376 7.05 1762
1685350432442 7.05 1763
1685350432513 7.06 1764
1685350432584 7.06 1765
1685350432650 7.06 1766
1685350432722 7.07 1767
1685350432790 7.07 1768
1685350432860 7.08 1769
1685350432927 7.08 1770
1685350432995 7.08 1771
1685350433062 7.09 1772
1685350433126 7.09 1773
1685350433191 7.1 1774
1685350433256 7.1 1775
1685350433323 7.1 1776
1685350433388 7.11 1777
1685350433455 7.11 1778
1685350433522 7.12 1779
1685350433588 7.12 1780
1685350433655 7.12 1781
1685350433719 7.13 1782
1685350433790 7.13 1783
1685350433858 7.14 1784
1685350433927 7.14 1785
1685350433994 7.14 1786
1685350434061 7.15 1787
1685350434127 7.15 1788
1685350434193 7.16 1789
1685350434261 7.16 1790
1685350434330 7.16 1791
1685350434396 7.17 1792
1685350434462 7.17 1793
1685350434528 7.18 1794
1685350434595 7.18 1795
1685350434660 7.18 1796
1685350434727 7.19 1797
1685350434793 7.19 1798
1685350434863 7.2 1799
1685350434929 7.2 1800
1685350434995 7.2 1801
1685350435061 7.21 1802
1685350435127 7.21 1803
1685350435194 7.22 1804
1685350435259 7.22 1805
1685350435326 7.22 1806
1685350435394 7.23 1807
1685350435461 7.23 1808
1685350435529 7.24 1809
1685350435597 7.24 1810
1685350435664 7.24 1811
1685350435729 7.25 1812
1685350435794 7.25 1813
1685350435860 7.26 1814
1685350435925 7.26 1815
1685350435990 7.26 1816
1685350436057 7.27 1817
1685350436123 7.27 1818
1685350436188 7.28 1819
1685350436254 7.28 1820
1685350436321 7.28 1821
1685350436388 7.29 1822
1685350436454 7.29 1823
1685350436520 7.3 1824
1685350436586 7.3 1825
1685350436653 7.3 1826
1685350436719 7.31 1827
1685350436787 7.31 1828
1685350436854 7.32 1829
1685350436920 7.32 1830
1685350436986 7.32 1831
1685350437051 7.33 1832
1685350437117 7.33 1833
1685350437183 7.34 1834
1685350437251 7.34 1835
1685350437317 7.34 1836
1685350437383 7.35 1837
1685350437451 7.35 1838
1685350437517 7.36 1839
1685350437583 7.36 1840
1685350437653 7.36 1841
1685350437719 7.37 1842
1685350437785 7.37 1843
1685350437850 7.38 1844
1685350437917 7.38 1845
1685350437983 7.38 1846
1685350438049 7.39 1847
1685350438114 7.39 1848
1685350438179 7.4 1849
1685350438244 7.4 1850
1685350438309 7.4 1851
1685350438380 7.41 1852
1685350438446 7.41 1853
1685350438512 7.42 1854
1685350438578 7.42 1855
1685350438644 7.42 1856
1685350438710 7.43 1857
1685350438778 7.43 1858
1685350438849 7.44 1859
1685350438916 7.44 1860
1685350438982 7.44 1861
1685350439050 7.45 1862
1685350439117 7.45 1863
1685350439182 7.46 1864
1685350439246 7.46 1865
1685350439312 7.46 1866
1685350439377 7.47 1867
1685350439443 7.47 1868
1685350439509 7.48 1869
1685350439574 7.48 1870
1685350439643 7.48 1871
1685350439711 7.49 1872
1685350439777 7.49 1873
1685350439842 7.5 1874
1685350439908 7.5 1875
1685350439974 7.5 1876
1685350440040 7.51 1877
1685350440107 7.51 1878
1685350440174 7.52 1879
1685350440239 7.52 1880
1685350440307 7.52 1881
1685350440371 7.53 1882
1685350440438 7.53 1883
1685350440506 7.54 1884
1685350440572 7.54 1885
1685350440640 7.54 1886
1685350440707 7.55 1887
1685350440773 7.55 1888
1685350440839 7.56 1889
1685350440906 7.56 1890
1685350440973 7.56 1891
1685350441040 7.57 1892
1685350441113 7.57 1893
1685350441181 7.58 1894
1685350441254 7.58 1895
1685350441326 7.58 1896
1685350441399 7.59 1897
1685350441468 7.59 1898
1685350441538 7.6 1899
1685350441614 7.6 1900
1685350441698 7.6 1901
1685350441775 7.61 1902
1685350441852 7.61 1903
1685350441924 7.62 1904
1685350441993 7.62 1905
1685350442063 7.62 1906
1685350442134 7.63 1907
1685350442204 7.63 1908
1685350442273 7.64 1909
1685350442341 7.64 1910
1685350442411 7.64 1911
1685350442483 7.65 1912
1685350442553 7.65 1913
1685350442626 7.66 1914
1685350442696 7.66 1915
1685350442774 7.66 1916
1685350442848 7.67 1917
1685350442918 7.67 1918
1685350442989 7.68 1919
1685350443065 7.68 1920
1685350443139 7.68 1921
1685350443210 7.69 1922
1685350443280 7.69 1923
1685350443357 7.7 1924
1685350443431 7.7 1925
1685350443507 7.7 1926
1685350443580 7.71 1927
1685350443655 7.71 1928
1685350443727 7.72 1929
1685350443798 7.72 1930
1685350443890 7.72 1931
1685350443993 7.73 1932
1685350444063 7.73 1933
1685350444129 7.74 1934
1685350444195 7.74 1935
1685350444262 7.74 1936
1685350444331 7.75 1937
1685350444401 7.75 1938
1685350444470 7.76 1939
1685350444538 7.76 1940
1685350444606 7.76 1941
1685350444671 7.77 1942
1685350444736 7.77 1943
1685350444802 7.78 1944
1685350444869 7.78 1945
1685350444935 7.78 1946
1685350445001 7.79 1947
1685350445067 7.79 1948
1685350445132 7.8 1949
1685350445198 7.8 1950
1685350445264 7.8 1951
1685350445332 7.81 1952
1685350445398 7.81 1953
1685350445464 7.82 1954
1685350445531 7.82 1955
1685350445597 7.82 1956
1685350445664 7.83 1957
1685350445732 7.83 1958
1685350445799 7.84 1959
1685350445865 7.84 1960
1685350445930 7.84 1961
1685350445995 7.85 1962
1685350446062 7.85 1963
1685350446128 7.86 1964
1685350446194 7.86 1965
1685350446260 7.86 1966
1685350446326 7.87 1967
1685350446391 7.87 1968
1685350446455 7.88 1969
1685350446521 7.88 1970
1685350446591 7.88 1971
1685350446656 7.89 1972
1685350446721 7.89 1973
1685350446786 7.9 1974
1685350446853 7.9 1975
1685350446918 7.9 1976
1685350446982 7.91 1977
1685350447047 7.91 1978
1685350447112 7.92 1979
1685350447180 7.92 1980
1685350447246 7.92 1981
1685350447312 7.93 1982
1685350447378 7.93 1983
1685350447443 7.94 1984
1685350447508 7.94 1985
1685350447573 7.94 1986
1685350447639 7.95 1987
1685350447704 7.95 1988
1685350447770 7.96 1989
1685350447835 7.96 1990
1685350447902 7.96 1991
1685350447966 7.97 1992
1685350448034 7.97 1993
1685350448099 7.98 1994
1685350448164 7.98 1995
1685350448229 7.98 1996
1685350448295 7.99 1997
1685350448362 7.99 1998
1685350448428 8.0 1999
1685350448480 8.0 2000
1685350448881 8.0 2000
1685350457674 8.0 2001
1685350457743 8.01 2002
1685350457810 8.01 2003
1685350457878 8.02 2004
1685350457942 8.02 2005
1685350458006 8.02 2006
1685350458071 8.03 2007
1685350458136 8.03 2008
1685350458200 8.04 2009
1685350458264 8.04 2010
1685350458333 8.04 2011
1685350458398 8.05 2012
1685350458463 8.05 2013
1685350458530 8.06 2014
1685350458597 8.06 2015
1685350458662 8.06 2016
1685350458727 8.07 2017
1685350458792 8.07 2018
1685350458857 8.08 2019
1685350458921 8.08 2020
1685350458987 8.08 2021
1685350459051 8.09 2022
1685350459117 8.09 2023
1685350459182 8.1 2024
1685350459246 8.1 2025
1685350459312 8.1 2026
1685350459378 8.11 2027
1685350459443 8.11 2028
1685350459509 8.12 2029
1685350459573 8.12 2030
1685350459643 8.12 2031
1685350459709 8.13 2032
1685350459774 8.13 2033
1685350459840 8.14 2034
1685350459905 8.14 2035
1685350459969 8.14 2036
1685350460034 8.15 2037
1685350460101 8.15 2038
1685350460166 8.16 2039
1685350460231 8.16 2040
1685350460296 8.16 2041
1685350460363 8.17 2042
1685350460431 8.17 2043
1685350460497 8.18 2044
1685350460563 8.18 2045
1685350460628 8.18 2046
1685350460693 8.19 2047
1685350460760 8.19 2048
1685350460830 8.2 2049
1685350460895 8.2 2050
1685350460960 8.2 2051
1685350461027 8.21 2052
1685350461094 8.21 2053
1685350461160 8.22 2054
1685350461225 8.22 2055
1685350461291 8.22 2056
1685350461356 8.23 2057
1685350461422 8.23 2058
1685350461487 8.24 2059
1685350461552 8.24 2060
1685350461620 8.24 2061
1685350461691 8.25 2062
1685350461758 8.25 2063
1685350461824 8.26 2064
1685350461890 8.26 2065
1685350461961 8.26 2066
1685350462032 8.27 2067
1685350462100 8.27 2068
1685350462165 8.28 2069
1685350462229 8.28 2070
1685350462297 8.28 2071
1685350462362 8.29 2072
1685350462430 8.29 2073
1685350462499 8.3 2074
1685350462567 8.3 2075
1685350462633 8.3 2076
1685350462700 8.31 2077
1685350462769 8.31 2078
1685350462834 8.32 2079
1685350462898 8.32 2080
1685350462963 8.32 2081
1685350463029 8.33 2082
1685350463094 8.33 2083
1685350463158 8.34 2084
1685350463224 8.34 2085
1685350463291 8.34 2086
1685350463356 8.35 2087
1685350463423 8.35 2088
1685350463489 8.36 2089
1685350463555 8.36 2090
1685350463622 8.36 2091
1685350463690 8.37 2092
1685350463756 8.37 2093
1685350463821 8.38 2094
1685350463909 8.38 2095
1685350463993 8.38 2096
1685350464058 8.39 2097
1685350464123 8.39 2098
1685350464189 8.4 2099
1685350464255 8.4 2100
1685350464321 8.4 2101
1685350464389 8.41 2102
1685350464453 8.41 2103
1685350464517 8.42 2104
1685350464582 8.42 2105
1685350464647 8.42 2106
1685350464711 8.43 2107
1685350464775 8.43 2108
1685350464841 8.44 2109
1685350464909 8.44 2110
1685350464973 8.44 2111
1685350465037 8.45 2112
1685350465105 8.45 2113
1685350465174 8.46 2114
1685350465244 8.46 2115
1685350465313 8.46 2116
1685350465385 8.47 2117
1685350465451 8.47 2118
1685350465518 8.48 2119
1685350465591 8.48 2120
1685350465659 8.48 2121
1685350465731 8.49 2122
1685350465801 8.49 2123
1685350465873 8.5 2124
1685350465940 8.5 2125
1685350466007 8.5 2126
1685350466074 8.51 2127
1685350466146 8.51 2128
1685350466213 8.52 2129
1685350466280 8.52 2130
1685350466347 8.52 2131
1685350466414 8.53 2132
1685350466483 8.53 2133
1685350466553 8.54 2134
1685350466621 8.54 2135
1685350466691 8.54 2136
1685350466764 8.55 2137
1685350466832 8.55 2138
1685350466898 8.56 2139
1685350466970 8.56 2140
1685350467036 8.56 2141
1685350467105 8.57 2142
1685350467179 8.57 2143
1685350467248 8.58 2144
1685350467320 8.58 2145
1685350467387 8.58 2146
1685350467462 8.59 2147
1685350467532 8.59 2148
1685350467602 8.6 2149
1685350467670 8.6 2150
1685350467744 8.6 2151
1685350467813 8.61 2152
1685350467885 8.61 2153
1685350467956 8.62 2154
1685350468025 8.62 2155
1685350468096 8.62 2156
1685350468165 8.63 2157
1685350468231 8.63 2158
1685350468301 8.64 2159
1685350468372 8.64 2160
1685350468446 8.64 2161
1685350468515 8.65 2162
1685350468586 8.65 2163
1685350468663 8.66 2164
1685350468737 8.66 2165
1685350468807 8.66 2166
1685350468879 8.67 2167
1685350468948 8.67 2168
1685350469021 8.68 2169
1685350469087 8.68 2170
1685350469153 8.68 2171
1685350469218 8.69 2172
1685350469283 8.69 2173
1685350469349 8.7 2174
1685350469414 8.7 2175
1685350469486 8.7 2176
1685350469550 8.71 2177
1685350469616 8.71 2178
1685350469680 8.72 2179
1685350469745 8.72 2180
1685350469812 8.72 2181
1685350469877 8.73 2182
1685350469942 8.73 2183
1685350470006 8.74 2184
1685350470073 8.74 2185
1685350470139 8.74 2186
1685350470204 8.75 2187
1685350470269 8.75 2188
1685350470335 8.76 2189
1685350470401 8.76 2190
1685350470467 8.76 2191
1685350470532 8.77 2192
1685350470597 8.77 2193
1685350470664 8.78 2194
1685350470729 8.78 2195
1685350470794 8.78 2196
1685350470859 8.79 2197
1685350470924 8.79 2198
1685350470989 8.8 2199
1685350471053 8.8 2200
1685350471119 8.8 2201
1685350471187 8.81 2202
1685350471252 8.81 2203
1685350471316 8.82 2204
1685350471381 8.82 2205
1685350471446 8.82 2206
1685350471511 8.83 2207
1685350471577 8.83 2208
1685350471649 8.84 2209
1685350471716 8.84 2210
1685350471785 8.84 2211
1685350471850 8.85 2212
1685350471916 8.85 2213
1685350471981 8.86 2214
1685350472048 8.86 2215
1685350472120 8.86 2216
1685350472188 8.87 2217
1685350472254 8.87 2218
1685350472320 8.88 2219
1685350472386 8.88 2220
1685350472455 8.88 2221
1685350472522 8.89 2222
1685350472588 8.89 2223
1685350472656 8.9 2224
1685350472721 8.9 2225
1685350472785 8.9 2226
1685350472852 8.91 2227
1685350472916 8.91 2228
1685350472983 8.92 2229
1685350473048 8.92 2230
1685350473114 8.92 2231
1685350473183 8.93 2232
1685350473249 8.93 2233
1685350473315 8.94 2234
1685350473383 8.94 2235
1685350473452 8.94 2236
1685350473521 8.95 2237
1685350473588 8.95 2238
1685350473655 8.96 2239
1685350473720 8.96 2240
1685350473787 8.96 2241
1685350473853 8.97 2242
1685350473918 8.97 2243
1685350473985 8.98 2244
1685350474052 8.98 2245
1685350474117 8.98 2246
1685350474182 8.99 2247
1685350474249 8.99 2248
1685350474315 9.0 2249
1685350474366 9.0 2250
1685350474764 9.0 2250
1685350481116 9.0 2250
