1685350264349 1.9996000000000003e-05 1
1685350264438 1.9992e-05 2
1685350264512 1.9988000000000002e-05 3
1685350264590 1.9984e-05 4
1685350264664 1.9980000000000002e-05 5
1685350264733 1.9976000000000003e-05 6
1685350264803 1.9972e-05 7
1685350264871 1.9968e-05 8
1685350264940 1.9964e-05 9
1685350265010 1.9960000000000002e-05 10
1685350265078 1.9956000000000003e-05 11
1685350265148 1.9952e-05 12
1685350265219 1.9948e-05 13
1685350265291 1.9944e-05 14
1685350265359 1.9940000000000002e-05 15
1685350265428 1.9936000000000004e-05 16
1685350265497 1.9932e-05 17
1685350265566 1.9928e-05 18
1685350265635 1.9924e-05 19
1685350265705 1.9920000000000002e-05 20
1685350265776 1.9916e-05 21
1685350265845 1.9912000000000002e-05 22
1685350265913 1.9908e-05 23
1685350265982 1.9904e-05 24
1685350266052 1.9900000000000003e-05 25
1685350266122 1.9896e-05 26
1685350266190 1.9892000000000002e-05 27
1685350266258 1.9888e-05 28
1685350266328 1.9884e-05 29
1685350266396 1.9880000000000003e-05 30
1685350266465 1.9876e-05 31
1685350266533 1.9872000000000002e-05 32
1685350266604 1.9868e-05 33
1685350266676 1.9864e-05 34
1685350266744 1.9860000000000003e-05 35
1685350266814 1.9856e-05 36
1685350266883 1.9852000000000002e-05 37
1685350266952 1.9848e-05 38
1685350267021 1.9844000000000002e-05 39
1685350267088 1.9840000000000003e-05 40
1685350267156 1.9836e-05 41
1685350267223 1.9832000000000003e-05 42
1685350267293 1.9828e-05 43
1685350267362 1.9824000000000002e-05 44
1685350267432 1.982e-05 45
1685350267500 1.9816e-05 46
1685350267568 1.9812000000000003e-05 47
1685350267638 1.9808e-05 48
1685350267709 1.9804000000000002e-05 49
1685350267777 1.98e-05 50
1685350267845 1.9796e-05 51
1685350267912 1.9792000000000003e-05 52
1685350267983 1.9788e-05 53
1685350268051 1.9784000000000002e-05 54
1685350268121 1.978e-05 55
1685350268187 1.9776000000000002e-05 56
1685350268257 1.9772000000000003e-05 57
1685350268328 1.9768e-05 58
1685350268396 1.9764000000000003e-05 59
1685350268466 1.976e-05 60
1685350268538 1.9756000000000002e-05 61
1685350268606 1.9752000000000003e-05 62
1685350268675 1.9748e-05 63
1685350268746 1.9744e-05 64
1685350268819 1.974e-05 65
1685350268923 1.9736000000000002e-05 66
1685350268991 1.9732000000000004e-05 67
1685350269060 1.9728e-05 68
1685350269131 1.9724e-05 69
1685350269208 1.972e-05 70
1685350269288 1.9716000000000002e-05 71
1685350269360 1.9712000000000004e-05 72
1685350269430 1.9708000000000002e-05 73
1685350269500 1.9704e-05 74
1685350269572 1.97e-05 75
1685350269641 1.9696000000000003e-05 76
1685350269712 1.9692000000000004e-05 77
1685350269786 1.9688000000000002e-05 78
1685350269854 1.9684e-05 79
1685350269924 1.968e-05 80
1685350269992 1.9676000000000003e-05 81
1685350270063 1.9672e-05 82
1685350270131 1.9668000000000002e-05 83
1685350270199 1.9664e-05 84
1685350270267 1.966e-05 85
1685350270341 1.9656000000000003e-05 86
1685350270412 1.9652e-05 87
1685350270483 1.9648000000000002e-05 88
1685350270552 1.9644e-05 89
1685350270620 1.9640000000000002e-05 90
1685350270689 1.9636000000000003e-05 91
1685350270758 1.9632e-05 92
1685350270829 1.9628000000000002e-05 93
1685350270900 1.9624e-05 94
1685350270966 1.9620000000000002e-05 95
1685350271036 1.9616000000000003e-05 96
1685350271103 1.9612e-05 97
1685350271174 1.9608000000000003e-05 98
1685350271249 1.9604e-05 99
1685350271316 1.9600000000000002e-05 100
1685350271383 1.9596e-05 101
1685350271451 1.9592e-05 102
1685350271518 1.9588000000000003e-05 103
1685350271587 1.9584e-05 104
1685350271654 1.9580000000000002e-05 105
1685350271722 1.9576e-05 106
1685350271791 1.9572e-05 107
1685350271859 1.9568000000000003e-05 108
1685350271926 1.9564e-05 109
1685350271993 1.9560000000000002e-05 110
1685350272063 1.9556e-05 111
1685350272131 1.9552000000000002e-05 112
1685350272198 1.9548000000000003e-05 113
1685350272265 1.9544e-05 114
1685350272332 1.9540000000000003e-05 115
1685350272421 1.9536e-05 116
1685350272489 1.9532000000000002e-05 117
1685350272561 1.9528000000000003e-05 118
1685350272634 1.9524e-05 119
1685350272701 1.9520000000000003e-05 120
1685350272769 1.9516e-05 121
1685350272837 1.9512000000000002e-05 122
1685350272904 1.9508000000000004e-05 123
1685350272971 1.9504e-05 124
1685350273037 1.95e-05 125
1685350273107 1.9496e-05 126
1685350273174 1.9492000000000002e-05 127
1685350273246 1.9488000000000004e-05 128
1685350273314 1.9484000000000002e-05 129
1685350273382 1.948e-05 130
1685350273451 1.9476e-05 131
1685350273520 1.9472000000000003e-05 132
1685350273587 1.9468000000000004e-05 133
1685350273660 1.9464000000000002e-05 134
1685350273731 1.946e-05 135
1685350273801 1.9456e-05 136
1685350273868 1.9452000000000003e-05 137
1685350273935 1.9448e-05 138
1685350274003 1.9444000000000002e-05 139
1685350274074 1.944e-05 140
1685350274142 1.9436e-05 141
1685350274216 1.9432000000000003e-05 142
1685350274284 1.9428e-05 143
1685350274354 1.9424e-05 144
1685350274424 1.942e-05 145
1685350274495 1.9416000000000002e-05 146
1685350274563 1.9412000000000003e-05 147
1685350274631 1.9408e-05 148
1685350274699 1.9404e-05 149
1685350274768 1.94e-05 150
1685350274836 1.9396000000000002e-05 151
1685350274903 1.9392000000000003e-05 152
1685350274972 1.9388e-05 153
1685350275039 1.9384e-05 154
1685350275110 1.938e-05 155
1685350275179 1.9376000000000002e-05 156
1685350275250 1.9372000000000004e-05 157
1685350275325 1.9368e-05 158
1685350275392 1.9364e-05 159
1685350275460 1.936e-05 160
1685350275528 1.9356000000000002e-05 161
1685350275597 1.9352e-05 162
1685350275665 1.9348000000000002e-05 163
1685350275733 1.9344e-05 164
1685350275800 1.934e-05 165
1685350275868 1.9336000000000003e-05 166
1685350275936 1.9332e-05 167
1685350276003 1.9328000000000002e-05 168
1685350276074 1.9324e-05 169
1685350276144 1.932e-05 170
1685350276212 1.9316000000000003e-05 171
1685350276281 1.9312e-05 172
1685350276348 1.9308000000000002e-05 173
1685350276419 1.9304e-05 174
1685350276488 1.93e-05 175
1685350276556 1.9296000000000003e-05 176
1685350276624 1.9292e-05 177
1685350276693 1.9288000000000002e-05 178
1685350276762 1.9284e-05 179
1685350276830 1.9280000000000002e-05 180
1685350276901 1.9276e-05 181
1685350276969 1.9272e-05 182
1685350277037 1.9268000000000003e-05 183
1685350277108 1.9264e-05 184
1685350277179 1.9260000000000002e-05 185
1685350277255 1.9256e-05 186
1685350277325 1.9252e-05 187
1685350277400 1.9248000000000003e-05 188
1685350277469 1.9244000000000004e-05 189
1685350277539 1.9240000000000002e-05 190
1685350277607 1.9236e-05 191
1685350277676 1.9232e-05 192
1685350277743 1.9228000000000003e-05 193
1685350277810 1.9224000000000004e-05 194
1685350277885 1.9220000000000002e-05 195
1685350277954 1.9216e-05 196
1685350278021 1.9212000000000002e-05 197
1685350278093 1.9208000000000003e-05 198
1685350278166 1.9204e-05 199
1685350278235 1.9200000000000003e-05 200
1685350278303 1.9196e-05 201
1685350278372 1.9192000000000002e-05 202
1685350278441 1.9188000000000003e-05 203
1685350278510 1.9184e-05 204
1685350278578 1.918e-05 205
1685350278645 1.9176e-05 206
1685350278712 1.9172000000000002e-05 207
1685350278783 1.9168000000000004e-05 208
1685350278849 1.9164e-05 209
1685350278918 1.916e-05 210
1685350278985 1.9156e-05 211
1685350279052 1.9152000000000002e-05 212
1685350279126 1.9148000000000004e-05 213
1685350279196 1.9144000000000002e-05 214
1685350279265 1.914e-05 215
1685350279337 1.9136e-05 216
1685350279406 1.9132000000000002e-05 217
1685350279474 1.9128e-05 218
1685350279543 1.9124000000000002e-05 219
1685350279613 1.912e-05 220
1685350279682 1.9116e-05 221
1685350279750 1.9112000000000003e-05 222
1685350279818 1.9108e-05 223
1685350279888 1.9104000000000002e-05 224
1685350279957 1.91e-05 225
1685350280030 1.9096e-05 226
1685350280101 1.9092000000000003e-05 227
1685350280176 1.9088e-05 228
1685350280247 1.9084000000000002e-05 229
1685350280316 1.908e-05 230
1685350280383 1.9076e-05 231
1685350280454 1.9072000000000003e-05 232
1685350280524 1.9068e-05 233
1685350280593 1.9064000000000002e-05 234
1685350280662 1.906e-05 235
1685350280731 1.9056000000000002e-05 236
1685350280801 1.9052000000000003e-05 237
1685350280873 1.9048e-05 238
1685350280941 1.9044000000000003e-05 239
1685350281010 1.904e-05 240
1685350281080 1.9036000000000002e-05 241
1685350281148 1.9032e-05 242
1685350281216 1.9028e-05 243
1685350281290 1.9024000000000003e-05 244
1685350281361 1.902e-05 245
1685350281430 1.9016000000000002e-05 246
1685350281498 1.9012e-05 247
1685350281567 1.9008e-05 248
1685350281635 1.9004000000000003e-05 249
1685350281688 1.9e-05 250
1685350290371 1.8996000000000002e-05 251
1685350290446 1.8992e-05 252
1685350290514 1.8988000000000002e-05 253
1685350290581 1.8984000000000003e-05 254
1685350290648 1.898e-05 255
1685350290721 1.8976000000000003e-05 256
1685350290789 1.8972e-05 257
1685350290856 1.8968000000000002e-05 258
1685350290923 1.8964000000000003e-05 259
1685350290990 1.896e-05 260
1685350291056 1.8956e-05 261
1685350291130 1.8952e-05 262
1685350291198 1.8948000000000002e-05 263
1685350291264 1.8944000000000004e-05 264
1685350291330 1.894e-05 265
1685350291400 1.8936e-05 266
1685350291467 1.8932e-05 267
1685350291534 1.8928000000000002e-05 268
1685350291603 1.8924000000000004e-05 269
1685350291669 1.8920000000000002e-05 270
1685350291736 1.8916e-05 271
1685350291803 1.8912e-05 272
1685350291869 1.8908000000000003e-05 273
1685350291936 1.8904000000000004e-05 274
1685350292004 1.8900000000000002e-05 275
1685350292072 1.8896e-05 276
1685350292139 1.8892e-05 277
1685350292206 1.8888000000000003e-05 278
1685350292274 1.8884e-05 279
1685350292341 1.8880000000000002e-05 280
1685350292409 1.8876e-05 281
1685350292477 1.8872e-05 282
1685350292545 1.8868000000000003e-05 283
1685350292612 1.8864e-05 284
1685350292680 1.886e-05 285
1685350292748 1.8856e-05 286
1685350292816 1.8852000000000002e-05 287
1685350292883 1.8848000000000003e-05 288
1685350292953 1.8844e-05 289
1685350293019 1.884e-05 290
1685350293086 1.8836e-05 291
1685350293154 1.8832000000000002e-05 292
1685350293221 1.8828000000000003e-05 293
1685350293289 1.8824e-05 294
1685350293359 1.882e-05 295
1685350293427 1.8816e-05 296
1685350293494 1.8812000000000002e-05 297
1685350293564 1.8808e-05 298
1685350293631 1.8804e-05 299
1685350293696 1.88e-05 300
1685350293764 1.8796e-05 301
1685350293831 1.8792000000000002e-05 302
1685350293901 1.8788e-05 303
1685350293968 1.8784000000000002e-05 304
1685350294035 1.878e-05 305
1685350294103 1.8776e-05 306
1685350294170 1.8772000000000003e-05 307
1685350294238 1.8768e-05 308
1685350294305 1.8764000000000002e-05 309
1685350294372 1.876e-05 310
1685350294440 1.8756e-05 311
1685350294507 1.8752000000000003e-05 312
1685350294574 1.8748e-05 313
1685350294642 1.8744000000000002e-05 314
1685350294710 1.8740000000000004e-05 315
1685350294777 1.8736e-05 316
1685350294850 1.8732000000000003e-05 317
1685350294919 1.8728e-05 318
1685350294986 1.8724000000000002e-05 319
1685350295054 1.8720000000000004e-05 320
1685350295121 1.8716000000000002e-05 321
1685350295195 1.8712e-05 322
1685350295263 1.8708e-05 323
1685350295330 1.8704000000000003e-05 324
1685350295397 1.8700000000000004e-05 325
1685350295464 1.8696000000000002e-05 326
1685350295531 1.8692e-05 327
1685350295598 1.8688e-05 328
1685350295665 1.8684000000000003e-05 329
1685350295732 1.8680000000000004e-05 330
1685350295799 1.8676000000000002e-05 331
1685350295866 1.8672e-05 332
1685350295934 1.8668e-05 333
1685350296002 1.8664000000000003e-05 334
1685350296069 1.866e-05 335
1685350296137 1.8656000000000002e-05 336
1685350296204 1.8652e-05 337
1685350296276 1.8648000000000002e-05 338
1685350296345 1.8644000000000003e-05 339
1685350296412 1.864e-05 340
1685350296482 1.8636e-05 341
1685350296551 1.8632e-05 342
1685350296619 1.8628000000000002e-05 343
1685350296688 1.8624000000000003e-05 344
1685350296757 1.862e-05 345
1685350296825 1.8616e-05 346
1685350296893 1.8612e-05 347
1685350296961 1.8608000000000002e-05 348
1685350297029 1.8604000000000003e-05 349
1685350297098 1.86e-05 350
1685350297167 1.8596e-05 351
1685350297236 1.8592e-05 352
1685350297304 1.8588000000000002e-05 353
1685350297375 1.8584000000000004e-05 354
1685350297442 1.858e-05 355
1685350297510 1.8576e-05 356
1685350297576 1.8572e-05 357
1685350297645 1.8568000000000002e-05 358
1685350297713 1.8564e-05 359
1685350297779 1.8560000000000002e-05 360
1685350297846 1.8556e-05 361
1685350297916 1.8552e-05 362
1685350297983 1.8548000000000003e-05 363
1685350298051 1.8544e-05 364
1685350298119 1.8540000000000002e-05 365
1685350298188 1.8536e-05 366
1685350298257 1.8532e-05 367
1685350298329 1.8528000000000003e-05 368
1685350298397 1.8524e-05 369
1685350298473 1.8520000000000002e-05 370
1685350298542 1.8516e-05 371
1685350298611 1.8512e-05 372
1685350298679 1.8508000000000003e-05 373
1685350298748 1.8504e-05 374
1685350298817 1.8500000000000002e-05 375
1685350298884 1.8496e-05 376
1685350298950 1.8492000000000002e-05 377
1685350299017 1.8488e-05 378
1685350299085 1.8484e-05 379
1685350299152 1.8480000000000003e-05 380
1685350299219 1.8476e-05 381
1685350299286 1.8472000000000002e-05 382
1685350299353 1.8468e-05 383
1685350299419 1.8464e-05 384
1685350299486 1.8460000000000003e-05 385
1685350299552 1.8456e-05 386
1685350299619 1.8452000000000002e-05 387
1685350299686 1.8448e-05 388
1685350299752 1.8444e-05 389
1685350299819 1.8440000000000003e-05 390
1685350299886 1.8436e-05 391
1685350299951 1.8432000000000002e-05 392
1685350300018 1.8428e-05 393
1685350300087 1.8424000000000002e-05 394
1685350300154 1.8420000000000003e-05 395
1685350300222 1.8416e-05 396
1685350300288 1.8412000000000003e-05 397
1685350300354 1.8408e-05 398
1685350300425 1.8404000000000002e-05 399
1685350300494 1.8400000000000003e-05 400
1685350300565 1.8396e-05 401
1685350300636 1.8392e-05 402
1685350300705 1.8388e-05 403
1685350300771 1.8384000000000002e-05 404
1685350300839 1.8380000000000004e-05 405
1685350300909 1.8376e-05 406
1685350300978 1.8372e-05 407
1685350301046 1.8368e-05 408
1685350301117 1.8364000000000002e-05 409
1685350301187 1.8360000000000004e-05 410
1685350301256 1.8356000000000002e-05 411
1685350301325 1.8352e-05 412
1685350301394 1.8348e-05 413
1685350301463 1.8344000000000003e-05 414
1685350301531 1.834e-05 415
1685350301601 1.8336000000000002e-05 416
1685350301670 1.8332e-05 417
1685350301737 1.8328e-05 418
1685350301804 1.8324000000000003e-05 419
1685350301869 1.832e-05 420
1685350301937 1.8316e-05 421
1685350302007 1.8312e-05 422
1685350302075 1.8308e-05 423
1685350302144 1.8304000000000003e-05 424
1685350302212 1.83e-05 425
1685350302278 1.8296e-05 426
1685350302345 1.8292e-05 427
1685350302434 1.8288000000000002e-05 428
1685350302505 1.8284000000000003e-05 429
1685350302575 1.828e-05 430
1685350302644 1.8276e-05 431
1685350302710 1.8272e-05 432
1685350302776 1.8268000000000002e-05 433
1685350302844 1.8264000000000003e-05 434
1685350302915 1.826e-05 435
1685350302982 1.8256e-05 436
1685350303051 1.8252e-05 437
1685350303122 1.8248000000000002e-05 438
1685350303190 1.8244e-05 439
1685350303257 1.824e-05 440
1685350303326 1.8236000000000003e-05 441
1685350303393 1.8232e-05 442
1685350303462 1.8228000000000002e-05 443
1685350303532 1.8224e-05 444
1685350303599 1.8220000000000002e-05 445
1685350303668 1.8216000000000003e-05 446
1685350303737 1.8212e-05 447
1685350303804 1.8208000000000003e-05 448
1685350303869 1.8204e-05 449
1685350303937 1.8200000000000002e-05 450
1685350304004 1.8196000000000003e-05 451
1685350304075 1.8192e-05 452
1685350304144 1.8188000000000003e-05 453
1685350304220 1.8184e-05 454
1685350304288 1.8180000000000002e-05 455
1685350304355 1.8176000000000004e-05 456
1685350304423 1.8172e-05 457
1685350304496 1.8168e-05 458
1685350304565 1.8164e-05 459
1685350304632 1.8160000000000002e-05 460
1685350304698 1.8156000000000004e-05 461
1685350304764 1.8152000000000002e-05 462
1685350304832 1.8148e-05 463
1685350304899 1.8144e-05 464
1685350304967 1.8140000000000003e-05 465
1685350305044 1.8136000000000004e-05 466
1685350305112 1.8132000000000002e-05 467
1685350305178 1.8128e-05 468
1685350305247 1.8124e-05 469
1685350305313 1.8120000000000003e-05 470
1685350305378 1.8116000000000004e-05 471
1685350305448 1.8112000000000002e-05 472
1685350305514 1.8108e-05 473
1685350305581 1.8104e-05 474
1685350305647 1.8100000000000003e-05 475
1685350305712 1.8096e-05 476
1685350305781 1.8092000000000002e-05 477
1685350305851 1.8088e-05 478
1685350305918 1.8084e-05 479
1685350305990 1.8080000000000003e-05 480
1685350306059 1.8076e-05 481
1685350306131 1.8072e-05 482
1685350306200 1.8068e-05 483
1685350306265 1.8064000000000002e-05 484
1685350306332 1.8060000000000003e-05 485
1685350306399 1.8056e-05 486
1685350306465 1.8052e-05 487
1685350306533 1.8048e-05 488
1685350306602 1.8044000000000002e-05 489
1685350306671 1.8040000000000003e-05 490
1685350306737 1.8036e-05 491
1685350306803 1.8032e-05 492
1685350306870 1.8028e-05 493
1685350306937 1.8024000000000002e-05 494
1685350307005 1.802e-05 495
1685350307070 1.8016e-05 496
1685350307136 1.8012e-05 497
1685350307201 1.8008e-05 498
1685350307265 1.8004000000000002e-05 499
1685350307321 1.8e-05 500
1685350313867 1.7996000000000002e-05 501
1685350313937 1.7992e-05 502
1685350314006 1.7988e-05 503
1685350314072 1.7984000000000003e-05 504
1685350314143 1.798e-05 505
1685350314210 1.7976000000000002e-05 506
1685350314278 1.7972e-05 507
1685350314343 1.7968e-05 508
1685350314409 1.7964000000000003e-05 509
1685350314475 1.796e-05 510
1685350314544 1.7956000000000002e-05 511
1685350314610 1.7952e-05 512
1685350314675 1.7948e-05 513
1685350314741 1.7944000000000003e-05 514
1685350314807 1.794e-05 515
1685350314873 1.7936000000000002e-05 516
1685350314939 1.7932e-05 517
1685350315007 1.7928000000000002e-05 518
1685350315077 1.7924e-05 519
1685350315145 1.792e-05 520
1685350315213 1.7916000000000003e-05 521
1685350315282 1.7912e-05 522
1685350315350 1.7908000000000002e-05 523
1685350315421 1.7904e-05 524
1685350315488 1.79e-05 525
1685350315555 1.7896000000000003e-05 526
1685350315623 1.7892e-05 527
1685350315689 1.7888000000000002e-05 528
1685350315756 1.7884e-05 529
1685350315822 1.788e-05 530
1685350315889 1.7876000000000003e-05 531
1685350315954 1.7872e-05 532
1685350316021 1.7868000000000002e-05 533
1685350316087 1.7864e-05 534
1685350316152 1.7860000000000002e-05 535
1685350316219 1.7856000000000003e-05 536
1685350316288 1.7852e-05 537
1685350316356 1.7848e-05 538
1685350316423 1.7844e-05 539
1685350316490 1.7840000000000002e-05 540
1685350316563 1.7836000000000003e-05 541
1685350316633 1.7832e-05 542
1685350316703 1.7828e-05 543
1685350316769 1.7824e-05 544
1685350316836 1.7820000000000002e-05 545
1685350316903 1.7816000000000004e-05 546
1685350316973 1.7812e-05 547
1685350317040 1.7808e-05 548
1685350317107 1.7804e-05 549
1685350317174 1.7800000000000002e-05 550
1685350317242 1.7796000000000004e-05 551
1685350317309 1.7792000000000002e-05 552
1685350317378 1.7788e-05 553
1685350317444 1.7784e-05 554
1685350317512 1.7780000000000003e-05 555
1685350317578 1.7776e-05 556
1685350317646 1.7772000000000002e-05 557
1685350317717 1.7768e-05 558
1685350317785 1.7764e-05 559
1685350317851 1.7760000000000003e-05 560
1685350317919 1.7756e-05 561
1685350317986 1.7752e-05 562
1685350318052 1.7748e-05 563
1685350318118 1.7744e-05 564
1685350318185 1.7740000000000003e-05 565
1685350318251 1.7736e-05 566
1685350318319 1.7732000000000002e-05 567
1685350318387 1.7728e-05 568
1685350318454 1.7724000000000002e-05 569
1685350318523 1.7720000000000003e-05 570
1685350318590 1.7716e-05 571
1685350318657 1.7712000000000003e-05 572
1685350318725 1.7708e-05 573
1685350318791 1.7704000000000002e-05 574
1685350318857 1.77e-05 575
1685350318923 1.7696e-05 576
1685350318991 1.7692000000000003e-05 577
1685350319059 1.7688e-05 578
1685350319128 1.7684000000000002e-05 579
1685350319196 1.768e-05 580
1685350319263 1.7676e-05 581
1685350319331 1.7672000000000003e-05 582
1685350319397 1.7668e-05 583
1685350319465 1.7664000000000002e-05 584
1685350319531 1.766e-05 585
1685350319596 1.7656000000000002e-05 586
1685350319663 1.7652000000000003e-05 587
1685350319731 1.7648e-05 588
1685350319797 1.7644000000000003e-05 589
1685350319864 1.764e-05 590
1685350319932 1.7636000000000002e-05 591
1685350319997 1.7632000000000003e-05 592
1685350320066 1.7628e-05 593
1685350320134 1.7624000000000003e-05 594
1685350320201 1.762e-05 595
1685350320268 1.7616000000000002e-05 596
1685350320336 1.7612000000000003e-05 597
1685350320402 1.7608e-05 598
1685350320470 1.7604e-05 599
1685350320536 1.76e-05 600
1685350320603 1.7596000000000002e-05 601
1685350320670 1.7592000000000004e-05 602
1685350320736 1.7588e-05 603
1685350320804 1.7584e-05 604
1685350320870 1.758e-05 605
1685350320936 1.7576000000000002e-05 606
1685350321002 1.7572000000000004e-05 607
1685350321068 1.7568000000000002e-05 608
1685350321136 1.7564e-05 609
1685350321203 1.756e-05 610
1685350321270 1.7556000000000003e-05 611
1685350321336 1.7552e-05 612
1685350321404 1.7548000000000002e-05 613
1685350321472 1.7544e-05 614
1685350321541 1.754e-05 615
1685350321608 1.7536000000000003e-05 616
1685350321678 1.7532e-05 617
1685350321746 1.7528e-05 618
1685350321821 1.7524e-05 619
1685350321893 1.752e-05 620
1685350321964 1.7516000000000003e-05 621
1685350322034 1.7512e-05 622
1685350322104 1.7508e-05 623
1685350322172 1.7504e-05 624
1685350322240 1.7500000000000002e-05 625
1685350322306 1.7496000000000003e-05 626
1685350322371 1.7492e-05 627
1685350322437 1.7488e-05 628
1685350322506 1.7484e-05 629
1685350322573 1.7480000000000002e-05 630
1685350322640 1.7476000000000003e-05 631
1685350322707 1.7472e-05 632
1685350322773 1.7468e-05 633
1685350322840 1.7464e-05 634
1685350322906 1.7460000000000002e-05 635
1685350322975 1.7456e-05 636
1685350323041 1.7452e-05 637
1685350323109 1.7448e-05 638
1685350323176 1.7444e-05 639
1685350323242 1.7440000000000002e-05 640
1685350323309 1.7436e-05 641
1685350323376 1.7432000000000002e-05 642
1685350323443 1.7428e-05 643
1685350323515 1.7424e-05 644
1685350323588 1.7420000000000003e-05 645
1685350323656 1.7416e-05 646
1685350323721 1.7412000000000002e-05 647
1685350323788 1.7408e-05 648
1685350323854 1.7404e-05 649
1685350323920 1.7400000000000003e-05 650
1685350323987 1.7396e-05 651
1685350324055 1.7392000000000002e-05 652
1685350324122 1.7388e-05 653
1685350324188 1.7384e-05 654
1685350324256 1.7380000000000003e-05 655
1685350324323 1.7376e-05 656
1685350324391 1.7372000000000002e-05 657
1685350324457 1.7368e-05 658
1685350324525 1.7364000000000002e-05 659
1685350324593 1.736e-05 660
1685350324660 1.7356e-05 661
1685350324726 1.7352000000000003e-05 662
1685350324792 1.7348e-05 663
1685350324862 1.7344000000000002e-05 664
1685350324929 1.734e-05 665
1685350324996 1.7336e-05 666
1685350325062 1.7332000000000003e-05 667
1685350325128 1.7328e-05 668
1685350325194 1.7324000000000002e-05 669
1685350325259 1.732e-05 670
1685350325324 1.7316e-05 671
1685350325389 1.7312000000000003e-05 672
1685350325458 1.7308e-05 673
1685350325526 1.7304000000000002e-05 674
1685350325592 1.73e-05 675
1685350325660 1.7296000000000002e-05 676
1685350325729 1.7292000000000003e-05 677
1685350325795 1.7288e-05 678
1685350325861 1.7284e-05 679
1685350325927 1.728e-05 680
1685350325992 1.7276000000000002e-05 681
1685350326057 1.7272000000000003e-05 682
1685350326123 1.7268e-05 683
1685350326191 1.7264e-05 684
1685350326257 1.726e-05 685
1685350326325 1.7256000000000002e-05 686
1685350326396 1.7252000000000004e-05 687
1685350326464 1.7248e-05 688
1685350326532 1.7244e-05 689
1685350326599 1.724e-05 690
1685350326671 1.7236000000000002e-05 691
1685350326741 1.7232000000000004e-05 692
1685350326807 1.7228000000000002e-05 693
1685350326873 1.7224e-05 694
1685350326939 1.722e-05 695
1685350327006 1.7216000000000003e-05 696
1685350327074 1.7212e-05 697
1685350327142 1.7208000000000002e-05 698
1685350327208 1.7204e-05 699
1685350327273 1.72e-05 700
1685350327341 1.7196000000000003e-05 701
1685350327410 1.7192e-05 702
1685350327475 1.7188000000000002e-05 703
1685350327542 1.7184e-05 704
1685350327608 1.718e-05 705
1685350327675 1.7176000000000003e-05 706
1685350327741 1.7172e-05 707
1685350327807 1.7168000000000002e-05 708
1685350327873 1.7164e-05 709
1685350327941 1.7160000000000002e-05 710
1685350328008 1.7156000000000003e-05 711
1685350328074 1.7152e-05 712
1685350328140 1.7148000000000003e-05 713
1685350328208 1.7144e-05 714
1685350328279 1.7140000000000002e-05 715
1685350328349 1.7136e-05 716
1685350328420 1.7132e-05 717
1685350328500 1.7128000000000003e-05 718
1685350328572 1.7124e-05 719
1685350328639 1.7120000000000002e-05 720
1685350328706 1.7116e-05 721
1685350328772 1.7112e-05 722
1685350328838 1.7108000000000003e-05 723
1685350328982 1.7104e-05 724
1685350329048 1.7100000000000002e-05 725
1685350329115 1.7096e-05 726
1685350329183 1.7092000000000002e-05 727
1685350329251 1.7088000000000003e-05 728
1685350329328 1.7084e-05 729
1685350329396 1.7080000000000002e-05 730
1685350329464 1.7076e-05 731
1685350329535 1.7072000000000002e-05 732
1685350329602 1.7068000000000003e-05 733
1685350329670 1.7064e-05 734
1685350329735 1.7060000000000003e-05 735
1685350329802 1.7056e-05 736
1685350329869 1.7052000000000002e-05 737
1685350329937 1.7048000000000003e-05 738
1685350330003 1.7044e-05 739
1685350330071 1.704e-05 740
1685350330143 1.7036e-05 741
1685350330214 1.7032000000000002e-05 742
1685350330283 1.7028000000000004e-05 743
1685350330351 1.7024e-05 744
1685350330425 1.702e-05 745
1685350330493 1.7016e-05 746
1685350330561 1.7012000000000002e-05 747
1685350330629 1.7008000000000004e-05 748
1685350330696 1.7004000000000002e-05 749
1685350330750 1.7e-05 750
1685350336969 1.6996e-05 751
1685350337047 1.6992000000000003e-05 752
1685350337119 1.6988e-05 753
1685350337185 1.6984000000000002e-05 754
1685350337252 1.698e-05 755
1685350337321 1.6976e-05 756
1685350337389 1.6972000000000003e-05 757
1685350337455 1.6968e-05 758
1685350337530 1.6964e-05 759
1685350337598 1.696e-05 760
1685350337665 1.6956e-05 761
1685350337732 1.6952000000000003e-05 762
1685350337798 1.6948e-05 763
1685350337865 1.6944e-05 764
1685350337930 1.694e-05 765
1685350337996 1.6936000000000002e-05 766
1685350338063 1.6932000000000003e-05 767
1685350338129 1.6928e-05 768
1685350338196 1.6924e-05 769
1685350338263 1.692e-05 770
1685350338332 1.6916000000000002e-05 771
1685350338400 1.6912000000000003e-05 772
1685350338466 1.6908e-05 773
1685350338531 1.6904e-05 774
1685350338598 1.69e-05 775
1685350338664 1.6896000000000002e-05 776
1685350338730 1.6892e-05 777
1685350338797 1.6888e-05 778
1685350338864 1.6884e-05 779
1685350338931 1.688e-05 780
1685350338998 1.6876000000000002e-05 781
1685350339065 1.6872e-05 782
1685350339130 1.6868000000000002e-05 783
1685350339196 1.6864e-05 784
1685350339263 1.686e-05 785
1685350339331 1.6856000000000003e-05 786
1685350339398 1.6852e-05 787
1685350339467 1.6848000000000002e-05 788
1685350339538 1.6844e-05 789
1685350339603 1.684e-05 790
1685350339669 1.6836000000000003e-05 791
1685350339734 1.6832e-05 792
1685350339803 1.6828000000000002e-05 793
1685350339869 1.6824e-05 794
1685350339934 1.682e-05 795
1685350340001 1.6816e-05 796
1685350340070 1.6812e-05 797
1685350340137 1.6808000000000002e-05 798
1685350340202 1.6804e-05 799
1685350340268 1.6800000000000002e-05 800
1685350340333 1.6796e-05 801
1685350340399 1.6792e-05 802
1685350340467 1.6788000000000003e-05 803
1685350340533 1.6784e-05 804
1685350340600 1.6780000000000002e-05 805
1685350340666 1.6776e-05 806
1685350340732 1.6772e-05 807
1685350340800 1.6768000000000003e-05 808
1685350340866 1.6764e-05 809
1685350340931 1.6760000000000002e-05 810
1685350340997 1.6756e-05 811
1685350341063 1.6752e-05 812
1685350341128 1.6748000000000003e-05 813
1685350341193 1.6744e-05 814
1685350341259 1.6740000000000002e-05 815
1685350341326 1.6736e-05 816
1685350341392 1.6732000000000002e-05 817
1685350341457 1.6728000000000003e-05 818
1685350341524 1.6724e-05 819
1685350341592 1.672e-05 820
1685350341660 1.6716e-05 821
1685350341727 1.6712000000000002e-05 822
1685350341796 1.6708000000000003e-05 823
1685350341863 1.6704e-05 824
1685350341929 1.67e-05 825
1685350341996 1.6696e-05 826
1685350342063 1.6692000000000002e-05 827
1685350342131 1.6688000000000004e-05 828
1685350342197 1.6684e-05 829
1685350342263 1.668e-05 830
1685350342330 1.6676e-05 831
1685350342396 1.6672000000000002e-05 832
1685350342462 1.6668e-05 833
1685350342528 1.6664000000000002e-05 834
1685350342595 1.666e-05 835
1685350342664 1.6656e-05 836
1685350342731 1.6652000000000003e-05 837
1685350342797 1.6648e-05 838
1685350342863 1.6644000000000002e-05 839
1685350342928 1.664e-05 840
1685350342994 1.6636e-05 841
1685350343058 1.6632000000000003e-05 842
1685350343125 1.6628e-05 843
1685350343194 1.6624000000000002e-05 844
1685350343260 1.662e-05 845
1685350343325 1.6616e-05 846
1685350343390 1.6612000000000003e-05 847
1685350343459 1.6608e-05 848
1685350343530 1.6604000000000002e-05 849
1685350343603 1.66e-05 850
1685350343669 1.6596000000000002e-05 851
1685350343734 1.6592000000000003e-05 852
1685350343805 1.6588e-05 853
1685350343873 1.6584000000000002e-05 854
1685350343938 1.658e-05 855
1685350344005 1.6576000000000002e-05 856
1685350344071 1.6572e-05 857
1685350344139 1.6568e-05 858
1685350344205 1.6564000000000003e-05 859
1685350344273 1.656e-05 860
1685350344340 1.6556000000000002e-05 861
1685350344405 1.6552e-05 862
1685350344471 1.6548e-05 863
1685350344540 1.6544000000000003e-05 864
1685350344606 1.654e-05 865
1685350344673 1.6536000000000002e-05 866
1685350344740 1.6532e-05 867
1685350344807 1.6528e-05 868
1685350344875 1.6524000000000003e-05 869
1685350344941 1.652e-05 870
1685350345007 1.6516000000000002e-05 871
1685350345073 1.6512e-05 872
1685350345140 1.6508000000000002e-05 873
1685350345207 1.6504000000000003e-05 874
1685350345272 1.65e-05 875
1685350345342 1.6496e-05 876
1685350345408 1.6492e-05 877
1685350345475 1.6488000000000002e-05 878
1685350345540 1.6484000000000003e-05 879
1685350345607 1.648e-05 880
1685350345673 1.6476e-05 881
1685350345739 1.6472e-05 882
1685350345807 1.6468000000000002e-05 883
1685350345872 1.6464000000000004e-05 884
1685350345937 1.646e-05 885
1685350346002 1.6456e-05 886
1685350346068 1.6452e-05 887
1685350346135 1.6448000000000002e-05 888
1685350346204 1.6444000000000004e-05 889
1685350346270 1.6440000000000002e-05 890
1685350346336 1.6436e-05 891
1685350346403 1.6432e-05 892
1685350346469 1.6428000000000003e-05 893
1685350346536 1.6424e-05 894
1685350346602 1.6420000000000002e-05 895
1685350346667 1.6416e-05 896
1685350346732 1.6412e-05 897
1685350346798 1.6408000000000003e-05 898
1685350346863 1.6404e-05 899
1685350346929 1.64e-05 900
1685350346994 1.6396e-05 901
1685350347059 1.6392e-05 902
1685350347127 1.6388000000000003e-05 903
1685350347193 1.6384e-05 904
1685350347258 1.638e-05 905
1685350347324 1.6376e-05 906
1685350347391 1.6372000000000002e-05 907
1685350347458 1.6368000000000003e-05 908
1685350347523 1.6364e-05 909
1685350347590 1.636e-05 910
1685350347656 1.6356e-05 911
1685350347723 1.6352000000000002e-05 912
1685350347788 1.6348e-05 913
1685350347855 1.6344e-05 914
1685350347925 1.634e-05 915
1685350347991 1.6336e-05 916
1685350348057 1.6332000000000002e-05 917
1685350348123 1.6328e-05 918
1685350348188 1.6324e-05 919
1685350348253 1.632e-05 920
1685350348319 1.6316e-05 921
1685350348386 1.6312000000000002e-05 922
1685350348451 1.6308e-05 923
1685350348520 1.6304000000000002e-05 924
1685350348586 1.63e-05 925
1685350348653 1.6296e-05 926
1685350348719 1.6292000000000003e-05 927
1685350348783 1.6288e-05 928
1685350348851 1.6284000000000002e-05 929
1685350348917 1.628e-05 930
1685350348983 1.6276e-05 931
1685350349049 1.6272000000000003e-05 932
1685350349115 1.6268e-05 933
1685350349180 1.6264000000000002e-05 934
1685350349245 1.626e-05 935
1685350349309 1.6256e-05 936
1685350349374 1.6252e-05 937
1685350349440 1.6248e-05 938
1685350349505 1.6244000000000002e-05 939
1685350349570 1.6240000000000004e-05 940
1685350349635 1.6236000000000002e-05 941
1685350349701 1.6232e-05 942
1685350349772 1.6228e-05 943
1685350349844 1.6224000000000003e-05 944
1685350349917 1.6220000000000004e-05 945
1685350349983 1.6216000000000002e-05 946
1685350350050 1.6212e-05 947
1685350350116 1.6208e-05 948
1685350350185 1.6204000000000003e-05 949
1685350350253 1.62e-05 950
1685350350319 1.6196000000000002e-05 951
1685350350386 1.6192e-05 952
1685350350457 1.6188e-05 953
1685350350527 1.6184000000000003e-05 954
1685350350594 1.618e-05 955
1685350350659 1.6176e-05 956
1685350350730 1.6172e-05 957
1685350350794 1.6168000000000002e-05 958
1685350350862 1.6164000000000003e-05 959
1685350350930 1.616e-05 960
1685350350996 1.6156e-05 961
1685350351065 1.6152e-05 962
1685350351132 1.6148000000000002e-05 963
1685350351197 1.6144000000000003e-05 964
1685350351262 1.614e-05 965
1685350351328 1.6136e-05 966
1685350351397 1.6132e-05 967
1685350351461 1.6128000000000002e-05 968
1685350351527 1.6124000000000004e-05 969
1685350351596 1.612e-05 970
1685350351662 1.6116e-05 971
1685350351729 1.6112e-05 972
1685350351795 1.6108000000000002e-05 973
1685350351862 1.6104e-05 974
1685350351929 1.6100000000000002e-05 975
1685350351994 1.6096e-05 976
1685350352062 1.6092e-05 977
1685350352130 1.6088000000000002e-05 978
1685350352199 1.6084e-05 979
1685350352269 1.6080000000000002e-05 980
1685350352339 1.6076e-05 981
1685350352409 1.6072e-05 982
1685350352477 1.6068000000000003e-05 983
1685350352546 1.6064e-05 984
1685350352612 1.6060000000000002e-05 985
1685350352678 1.6056e-05 986
1685350352746 1.6052e-05 987
1685350352811 1.6048000000000003e-05 988
1685350352879 1.6044e-05 989
1685350352944 1.6040000000000002e-05 990
1685350353011 1.6036e-05 991
1685350353077 1.6032e-05 992
1685350353144 1.6028e-05 993
1685350353214 1.6024e-05 994
1685350353285 1.6020000000000002e-05 995
1685350353356 1.6016e-05 996
1685350353429 1.6012000000000002e-05 997
1685350353500 1.6008e-05 998
1685350353574 1.6004e-05 999
1685350353629 1.6000000000000003e-05 1000
1685350359565 1.5996e-05 1001
1685350359640 1.5992000000000002e-05 1002
1685350359712 1.5988e-05 1003
1685350359782 1.5984e-05 1004
1685350359850 1.5980000000000003e-05 1005
1685350359920 1.5976e-05 1006
1685350359986 1.5972000000000002e-05 1007
1685350360055 1.5968e-05 1008
1685350360122 1.5964e-05 1009
1685350360190 1.5960000000000003e-05 1010
1685350360257 1.5956e-05 1011
1685350360322 1.5952000000000002e-05 1012
1685350360389 1.5948e-05 1013
1685350360457 1.5944000000000002e-05 1014
1685350360522 1.5940000000000003e-05 1015
1685350360588 1.5936e-05 1016
1685350360653 1.5932e-05 1017
1685350360720 1.5928e-05 1018
1685350360786 1.5924000000000002e-05 1019
1685350360854 1.5920000000000003e-05 1020
1685350360924 1.5916e-05 1021
1685350360991 1.5912e-05 1022
1685350361057 1.5908e-05 1023
1685350361124 1.5904000000000002e-05 1024
1685350361192 1.5900000000000004e-05 1025
1685350361258 1.5896e-05 1026
1685350361325 1.5892e-05 1027
1685350361391 1.5888e-05 1028
1685350361460 1.5884000000000002e-05 1029
1685350361525 1.588e-05 1030
1685350361594 1.5876000000000002e-05 1031
1685350361660 1.5872e-05 1032
1685350361726 1.5868e-05 1033
1685350361792 1.5864000000000003e-05 1034
1685350361858 1.586e-05 1035
1685350361926 1.5856e-05 1036
1685350361993 1.5852e-05 1037
1685350362062 1.5848e-05 1038
1685350362129 1.5844000000000003e-05 1039
1685350362194 1.584e-05 1040
1685350362262 1.5836e-05 1041
1685350362329 1.5832e-05 1042
1685350362425 1.5828e-05 1043
1685350362491 1.5824000000000003e-05 1044
1685350362558 1.582e-05 1045
1685350362626 1.5816e-05 1046
1685350362696 1.5812e-05 1047
1685350362763 1.5808000000000002e-05 1048
1685350362831 1.5804000000000003e-05 1049
1685350362897 1.58e-05 1050
1685350362964 1.5796e-05 1051
1685350363031 1.5792e-05 1052
1685350363099 1.5788000000000002e-05 1053
1685350363166 1.5784e-05 1054
1685350363233 1.578e-05 1055
1685350363301 1.5776e-05 1056
1685350363368 1.5772e-05 1057
1685350363436 1.5768000000000002e-05 1058
1685350363503 1.5764e-05 1059
1685350363570 1.576e-05 1060
1685350363637 1.5756e-05 1061
1685350363705 1.5752e-05 1062
1685350363774 1.5748000000000002e-05 1063
1685350363842 1.5744e-05 1064
1685350363908 1.5740000000000002e-05 1065
1685350363972 1.5736000000000003e-05 1066
1685350364039 1.5732e-05 1067
1685350364105 1.5728000000000003e-05 1068
1685350364170 1.5724e-05 1069
1685350364236 1.5720000000000002e-05 1070
1685350364303 1.5716000000000003e-05 1071
1685350364369 1.5712e-05 1072
1685350364440 1.5708e-05 1073
1685350364509 1.5704e-05 1074
1685350364581 1.5700000000000002e-05 1075
1685350364648 1.5696000000000004e-05 1076
1685350364713 1.5692e-05 1077
1685350364779 1.5688e-05 1078
1685350364845 1.5684e-05 1079
1685350364912 1.5680000000000002e-05 1080
1685350364978 1.5676000000000004e-05 1081
1685350365042 1.5672000000000002e-05 1082
1685350365107 1.5668e-05 1083
1685350365172 1.5664e-05 1084
1685350365237 1.5660000000000003e-05 1085
1685350365303 1.5656000000000004e-05 1086
1685350365368 1.5652000000000002e-05 1087
1685350365434 1.5648e-05 1088
1685350365501 1.5644e-05 1089
1685350365571 1.5640000000000003e-05 1090
1685350365640 1.5636e-05 1091
1685350365706 1.5632000000000002e-05 1092
1685350365771 1.5628e-05 1093
1685350365837 1.5624e-05 1094
1685350365904 1.5620000000000003e-05 1095
1685350365972 1.5616e-05 1096
1685350366038 1.5612e-05 1097
1685350366105 1.5608e-05 1098
1685350366170 1.5604000000000002e-05 1099
1685350366235 1.5600000000000003e-05 1100
1685350366301 1.5596e-05 1101
1685350366367 1.5592e-05 1102
1685350366435 1.5588e-05 1103
1685350366503 1.5584000000000002e-05 1104
1685350366571 1.5580000000000003e-05 1105
1685350366637 1.5576e-05 1106
1685350366702 1.5572e-05 1107
1685350366767 1.5568e-05 1108
1685350366833 1.5564000000000002e-05 1109
1685350366901 1.556e-05 1110
1685350366967 1.5556e-05 1111
1685350367033 1.5552e-05 1112
1685350367099 1.5548e-05 1113
1685350367165 1.5544000000000002e-05 1114
1685350367232 1.554e-05 1115
1685350367298 1.5536e-05 1116
1685350367364 1.5532e-05 1117
1685350367432 1.5528e-05 1118
1685350367501 1.5524000000000002e-05 1119
1685350367569 1.552e-05 1120
1685350367638 1.5516000000000002e-05 1121
1685350367703 1.5512e-05 1122
1685350367768 1.5508e-05 1123
1685350367833 1.5504000000000003e-05 1124
1685350367899 1.55e-05 1125
1685350367965 1.5496000000000002e-05 1126
1685350368031 1.5492e-05 1127
1685350368097 1.5488e-05 1128
1685350368163 1.5484000000000003e-05 1129
1685350368229 1.548e-05 1130
1685350368295 1.5476000000000002e-05 1131
1685350368362 1.5472e-05 1132
1685350368430 1.5468e-05 1133
1685350368498 1.5464e-05 1134
1685350368568 1.546e-05 1135
1685350368635 1.5456000000000002e-05 1136
1685350368705 1.5452e-05 1137
1685350368774 1.5448000000000002e-05 1138
1685350368845 1.5444e-05 1139
1685350368982 1.544e-05 1140
1685350369049 1.5436000000000003e-05 1141
1685350369115 1.5432e-05 1142
1685350369183 1.5428000000000002e-05 1143
1685350369248 1.5424e-05 1144
1685350369316 1.542e-05 1145
1685350369382 1.5416000000000003e-05 1146
1685350369448 1.5412e-05 1147
1685350369517 1.5408000000000002e-05 1148
1685350369584 1.5404e-05 1149
1685350369651 1.54e-05 1150
1685350369717 1.5396000000000003e-05 1151
1685350369784 1.5392e-05 1152
1685350369853 1.5388e-05 1153
1685350369919 1.5384e-05 1154
1685350369991 1.5380000000000002e-05 1155
1685350370059 1.5376000000000003e-05 1156
1685350370130 1.5372e-05 1157
1685350370197 1.5368e-05 1158
1685350370266 1.5364e-05 1159
1685350370332 1.5360000000000002e-05 1160
1685350370398 1.5356000000000003e-05 1161
1685350370469 1.5352e-05 1162
1685350370537 1.5348e-05 1163
1685350370608 1.5344e-05 1164
1685350370680 1.5340000000000002e-05 1165
1685350370746 1.5336000000000004e-05 1166
1685350370813 1.5332e-05 1167
1685350370879 1.5328e-05 1168
1685350370944 1.5324e-05 1169
1685350371011 1.5320000000000002e-05 1170
1685350371077 1.5316e-05 1171
1685350371143 1.5312000000000002e-05 1172
1685350371208 1.5308e-05 1173
1685350371274 1.5304e-05 1174
1685350371341 1.5300000000000003e-05 1175
1685350371407 1.5296e-05 1176
1685350371475 1.5292e-05 1177
1685350371542 1.5288e-05 1178
1685350371611 1.5284e-05 1179
1685350371678 1.5280000000000003e-05 1180
1685350371745 1.5276e-05 1181
1685350371810 1.5272e-05 1182
1685350371877 1.5268e-05 1183
1685350371943 1.5264e-05 1184
1685350372011 1.5260000000000003e-05 1185
1685350372078 1.5256000000000003e-05 1186
1685350372147 1.5252e-05 1187
1685350372214 1.5248e-05 1188
1685350372283 1.5244000000000002e-05 1189
1685350372350 1.5240000000000001e-05 1190
1685350372416 1.5236000000000001e-05 1191
1685350372483 1.5232000000000003e-05 1192
1685350372553 1.5228e-05 1193
1685350372619 1.5224e-05 1194
1685350372685 1.5220000000000002e-05 1195
1685350372752 1.5216000000000001e-05 1196
1685350372819 1.5212000000000003e-05 1197
1685350372886 1.5208e-05 1198
1685350372952 1.5204e-05 1199
1685350373022 1.5200000000000002e-05 1200
1685350373088 1.5196000000000002e-05 1201
1685350373153 1.5192000000000003e-05 1202
1685350373220 1.5188000000000001e-05 1203
1685350373286 1.5184e-05 1204
1685350373352 1.5180000000000002e-05 1205
1685350373418 1.5176000000000002e-05 1206
1685350373484 1.5172000000000001e-05 1207
1685350373550 1.5168000000000001e-05 1208
1685350373617 1.5164e-05 1209
1685350373685 1.516e-05 1210
1685350373751 1.5156000000000002e-05 1211
1685350373817 1.5152000000000002e-05 1212
1685350373882 1.5148e-05 1213
1685350373949 1.5144000000000001e-05 1214
1685350374014 1.514e-05 1215
1685350374080 1.5136000000000002e-05 1216
1685350374146 1.5132000000000002e-05 1217
1685350374214 1.5128e-05 1218
1685350374281 1.5124000000000001e-05 1219
1685350374349 1.5120000000000001e-05 1220
1685350374415 1.5116000000000002e-05 1221
1685350374483 1.5112000000000002e-05 1222
1685350374551 1.5108e-05 1223
1685350374617 1.5104000000000001e-05 1224
1685350374684 1.5100000000000001e-05 1225
1685350374752 1.5096000000000003e-05 1226
1685350374818 1.5092000000000002e-05 1227
1685350374888 1.5088e-05 1228
1685350374955 1.5084000000000002e-05 1229
1685350375024 1.5080000000000001e-05 1230
1685350375093 1.5076000000000001e-05 1231
1685350375162 1.5072000000000002e-05 1232
1685350375231 1.5068e-05 1233
1685350375298 1.5064e-05 1234
1685350375366 1.5060000000000001e-05 1235
1685350375435 1.5056000000000001e-05 1236
1685350375506 1.5052000000000003e-05 1237
1685350375577 1.5048e-05 1238
1685350375649 1.5044e-05 1239
1685350375717 1.5040000000000002e-05 1240
1685350375789 1.5036000000000001e-05 1241
1685350375857 1.5032000000000003e-05 1242
1685350375923 1.5028e-05 1243
1685350375988 1.5024e-05 1244
1685350376054 1.5020000000000002e-05 1245
1685350376119 1.5016000000000002e-05 1246
1685350376184 1.5012000000000001e-05 1247
1685350376250 1.5008000000000001e-05 1248
1685350376316 1.5004e-05 1249
1685350376367 1.5000000000000002e-05 1250
1685350384413 1.4996000000000002e-05 1251
1685350384488 1.4992000000000001e-05 1252
1685350384559 1.4988000000000001e-05 1253
1685350384630 1.4984000000000001e-05 1254
1685350384697 1.498e-05 1255
1685350384764 1.4976000000000002e-05 1256
1685350384829 1.4972000000000002e-05 1257
1685350384895 1.4968e-05 1258
1685350384962 1.4964000000000001e-05 1259
1685350385027 1.496e-05 1260
1685350385092 1.4956000000000002e-05 1261
1685350385159 1.4952000000000002e-05 1262
1685350385225 1.4948e-05 1263
1685350385294 1.4944000000000001e-05 1264
1685350385360 1.4940000000000001e-05 1265
1685350385428 1.4936000000000002e-05 1266
1685350385497 1.4932000000000002e-05 1267
1685350385563 1.4928e-05 1268
1685350385632 1.4924000000000001e-05 1269
1685350385700 1.4920000000000001e-05 1270
1685350385767 1.4916e-05 1271
1685350385833 1.4912000000000002e-05 1272
1685350385900 1.4908e-05 1273
1685350385968 1.4904e-05 1274
1685350386036 1.4900000000000001e-05 1275
1685350386101 1.4896000000000001e-05 1276
1685350386167 1.4892000000000002e-05 1277
1685350386232 1.4888e-05 1278
1685350386297 1.4884e-05 1279
1685350386363 1.4880000000000002e-05 1280
1685350386430 1.4876000000000001e-05 1281
1685350386495 1.4872000000000003e-05 1282
1685350386563 1.4868e-05 1283
1685350386630 1.4864e-05 1284
1685350386697 1.4860000000000002e-05 1285
1685350386764 1.4856000000000001e-05 1286
1685350386829 1.4852000000000003e-05 1287
1685350386894 1.4848e-05 1288
1685350386962 1.4844e-05 1289
1685350387029 1.4840000000000002e-05 1290
1685350387095 1.4836000000000002e-05 1291
1685350387161 1.4832000000000001e-05 1292
1685350387227 1.4828000000000001e-05 1293
1685350387294 1.4824e-05 1294
1685350387361 1.482e-05 1295
1685350387427 1.4816000000000002e-05 1296
1685350387492 1.4812000000000002e-05 1297
1685350387561 1.4808e-05 1298
1685350387628 1.4804000000000001e-05 1299
1685350387695 1.48e-05 1300
1685350387761 1.4796000000000002e-05 1301
1685350387826 1.4792000000000002e-05 1302
1685350387891 1.4788e-05 1303
1685350387956 1.4784000000000001e-05 1304
1685350388024 1.478e-05 1305
1685350388092 1.4776000000000002e-05 1306
1685350388166 1.4772000000000002e-05 1307
1685350388234 1.4768e-05 1308
1685350388300 1.4764000000000001e-05 1309
1685350388366 1.4760000000000001e-05 1310
1685350388432 1.4756e-05 1311
1685350388501 1.4752000000000002e-05 1312
1685350388572 1.4748000000000002e-05 1313
1685350388638 1.4744e-05 1314
1685350388704 1.4740000000000001e-05 1315
1685350388769 1.4736000000000001e-05 1316
1685350388835 1.4732000000000002e-05 1317
1685350388901 1.4728000000000002e-05 1318
1685350388966 1.4724e-05 1319
1685350389031 1.4720000000000001e-05 1320
1685350389098 1.4716000000000001e-05 1321
1685350389165 1.4712000000000002e-05 1322
1685350389232 1.4708000000000002e-05 1323
1685350389298 1.4704e-05 1324
1685350389365 1.4700000000000002e-05 1325
1685350389431 1.4696000000000001e-05 1326
1685350389499 1.4692000000000003e-05 1327
1685350389565 1.4688000000000002e-05 1328
1685350389634 1.4684e-05 1329
1685350389700 1.4680000000000002e-05 1330
1685350389766 1.4676000000000001e-05 1331
1685350389835 1.4672000000000001e-05 1332
1685350389908 1.4668000000000003e-05 1333
1685350389978 1.4664e-05 1334
1685350390049 1.466e-05 1335
1685350390117 1.4656000000000002e-05 1336
1685350390184 1.4652000000000001e-05 1337
1685350390249 1.4648000000000003e-05 1338
1685350390317 1.4644e-05 1339
1685350390384 1.464e-05 1340
1685350390453 1.4636000000000002e-05 1341
1685350390522 1.4632000000000002e-05 1342
1685350390588 1.4628000000000003e-05 1343
1685350390655 1.4624000000000001e-05 1344
1685350390732 1.462e-05 1345
1685350390800 1.4616000000000002e-05 1346
1685350390866 1.4612000000000002e-05 1347
1685350390931 1.4608000000000001e-05 1348
1685350390996 1.4604000000000001e-05 1349
1685350391060 1.46e-05 1350
1685350391125 1.4596e-05 1351
1685350391191 1.4592000000000002e-05 1352
1685350391257 1.4588000000000002e-05 1353
1685350391323 1.4584e-05 1354
1685350391389 1.4580000000000001e-05 1355
1685350391457 1.4576e-05 1356
1685350391525 1.4572000000000002e-05 1357
1685350391594 1.4568000000000002e-05 1358
1685350391662 1.4564e-05 1359
1685350391733 1.4560000000000001e-05 1360
1685350391806 1.4556000000000001e-05 1361
1685350391873 1.4552000000000002e-05 1362
1685350391944 1.4548000000000002e-05 1363
1685350392010 1.4544e-05 1364
1685350392076 1.4540000000000001e-05 1365
1685350392143 1.4536000000000001e-05 1366
1685350392208 1.4532000000000002e-05 1367
1685350392278 1.4528000000000002e-05 1368
1685350392349 1.4524e-05 1369
1685350392419 1.4520000000000002e-05 1370
1685350392492 1.4516000000000001e-05 1371
1685350392560 1.4512000000000001e-05 1372
1685350392626 1.4508000000000002e-05 1373
1685350392692 1.4504e-05 1374
1685350392758 1.45e-05 1375
1685350392824 1.4496000000000001e-05 1376
1685350392891 1.4492000000000001e-05 1377
1685350392957 1.4488000000000003e-05 1378
1685350393024 1.4484e-05 1379
1685350393089 1.448e-05 1380
1685350393154 1.4476000000000002e-05 1381
1685350393220 1.4472000000000001e-05 1382
1685350393284 1.4468000000000003e-05 1383
1685350393350 1.4464e-05 1384
1685350393416 1.446e-05 1385
1685350393482 1.4456000000000002e-05 1386
1685350393547 1.4452000000000002e-05 1387
1685350393613 1.4448000000000001e-05 1388
1685350393680 1.4444000000000001e-05 1389
1685350393745 1.444e-05 1390
1685350393811 1.4436e-05 1391
1685350393876 1.4432000000000002e-05 1392
1685350393993 1.4428000000000001e-05 1393
1685350394058 1.4424e-05 1394
1685350394123 1.4420000000000001e-05 1395
1685350394189 1.4416e-05 1396
1685350394257 1.4412000000000002e-05 1397
1685350394323 1.4408000000000002e-05 1398
1685350394388 1.4404e-05 1399
1685350394456 1.4400000000000001e-05 1400
1685350394522 1.4396e-05 1401
1685350394588 1.4392000000000002e-05 1402
1685350394654 1.4388000000000002e-05 1403
1685350394720 1.4384e-05 1404
1685350394786 1.4380000000000001e-05 1405
1685350394851 1.4376000000000001e-05 1406
1685350394919 1.4372000000000002e-05 1407
1685350394985 1.4368000000000002e-05 1408
1685350395051 1.4364e-05 1409
1685350395116 1.4360000000000001e-05 1410
1685350395184 1.4356000000000001e-05 1411
1685350395249 1.4352e-05 1412
1685350395317 1.4348000000000002e-05 1413
1685350395383 1.4344e-05 1414
1685350395449 1.434e-05 1415
1685350395515 1.4336000000000001e-05 1416
1685350395582 1.4332000000000001e-05 1417
1685350395648 1.4328000000000002e-05 1418
1685350395717 1.4324e-05 1419
1685350395784 1.432e-05 1420
1685350395850 1.4316000000000002e-05 1421
1685350395916 1.4312000000000001e-05 1422
1685350395981 1.4308000000000003e-05 1423
1685350396046 1.4304e-05 1424
1685350396114 1.43e-05 1425
1685350396181 1.4296000000000002e-05 1426
1685350396250 1.4292000000000001e-05 1427
1685350396317 1.4288000000000001e-05 1428
1685350396382 1.4284e-05 1429
1685350396451 1.428e-05 1430
1685350396518 1.4276e-05 1431
1685350396585 1.4272000000000002e-05 1432
1685350396649 1.4268000000000001e-05 1433
1685350396715 1.4264e-05 1434
1685350396787 1.426e-05 1435
1685350396853 1.4256e-05 1436
1685350396922 1.4252000000000002e-05 1437
1685350396988 1.4248000000000001e-05 1438
1685350397061 1.4244000000000003e-05 1439
1685350397129 1.4240000000000001e-05 1440
1685350397200 1.4236e-05 1441
1685350397269 1.4232000000000002e-05 1442
1685350397342 1.4228000000000002e-05 1443
1685350397410 1.4224000000000003e-05 1444
1685350397481 1.4220000000000001e-05 1445
1685350397549 1.4216e-05 1446
1685350397620 1.4212000000000002e-05 1447
1685350397687 1.4208000000000002e-05 1448
1685350397755 1.4204000000000002e-05 1449
1685350397824 1.4200000000000001e-05 1450
1685350397891 1.4196000000000001e-05 1451
1685350397957 1.4192e-05 1452
1685350398026 1.4188000000000002e-05 1453
1685350398093 1.4184000000000002e-05 1454
1685350398162 1.418e-05 1455
1685350398227 1.4176000000000001e-05 1456
1685350398293 1.4172000000000001e-05 1457
1685350398363 1.4168000000000002e-05 1458
1685350398435 1.4164000000000002e-05 1459
1685350398504 1.416e-05 1460
1685350398575 1.4156000000000001e-05 1461
1685350398644 1.4152000000000001e-05 1462
1685350398718 1.4148000000000002e-05 1463
1685350398785 1.4144000000000002e-05 1464
1685350398857 1.414e-05 1465
1685350398925 1.4136000000000002e-05 1466
1685350398995 1.4132000000000001e-05 1467
1685350399063 1.4128000000000001e-05 1468
1685350399132 1.4124000000000002e-05 1469
1685350399198 1.412e-05 1470
1685350399264 1.4116e-05 1471
1685350399331 1.4112000000000001e-05 1472
1685350399398 1.4108000000000001e-05 1473
1685350399464 1.4104000000000003e-05 1474
1685350399531 1.41e-05 1475
1685350399596 1.4096e-05 1476
1685350399662 1.4092000000000002e-05 1477
1685350399732 1.4088000000000001e-05 1478
1685350399799 1.4084000000000003e-05 1479
1685350399866 1.408e-05 1480
1685350399934 1.4076e-05 1481
1685350399999 1.4072000000000002e-05 1482
1685350400067 1.4068000000000002e-05 1483
1685350400133 1.4064000000000003e-05 1484
1685350400199 1.4060000000000001e-05 1485
1685350400266 1.4056e-05 1486
1685350400333 1.4052000000000002e-05 1487
1685350400401 1.4048000000000002e-05 1488
1685350400471 1.4044000000000001e-05 1489
1685350400537 1.4040000000000001e-05 1490
1685350400602 1.4036e-05 1491
1685350400668 1.4032e-05 1492
1685350400733 1.4028000000000002e-05 1493
1685350400799 1.4024000000000002e-05 1494
1685350400865 1.402e-05 1495
1685350400930 1.4016000000000001e-05 1496
1685350400997 1.4012e-05 1497
1685350401063 1.4008000000000002e-05 1498
1685350401130 1.4004000000000002e-05 1499
1685350401182 1.4e-05 1500
1685350408358 1.3996000000000001e-05 1501
1685350408429 1.3992000000000001e-05 1502
1685350408495 1.3988000000000002e-05 1503
1685350408566 1.3984000000000002e-05 1504
1685350408631 1.398e-05 1505
1685350408696 1.3976000000000001e-05 1506
1685350408761 1.3972000000000001e-05 1507
1685350408827 1.3968e-05 1508
1685350408899 1.3964000000000002e-05 1509
1685350408965 1.396e-05 1510
1685350409030 1.3956e-05 1511
1685350409095 1.3952000000000001e-05 1512
1685350409160 1.3948000000000001e-05 1513
1685350409227 1.3944000000000002e-05 1514
1685350409292 1.394e-05 1515
1685350409358 1.3936e-05 1516
1685350409425 1.3932000000000001e-05 1517
1685350409491 1.3928000000000001e-05 1518
1685350409557 1.3924000000000003e-05 1519
1685350409623 1.392e-05 1520
1685350409689 1.3916e-05 1521
1685350409754 1.3912000000000002e-05 1522
1685350409819 1.3908000000000001e-05 1523
1685350409885 1.3904000000000003e-05 1524
1685350409956 1.39e-05 1525
1685350410022 1.3896e-05 1526
1685350410088 1.3892000000000002e-05 1527
1685350410154 1.3888000000000002e-05 1528
1685350410219 1.3884000000000001e-05 1529
1685350410286 1.3880000000000001e-05 1530
1685350410351 1.3876e-05 1531
1685350410417 1.3872e-05 1532
1685350410485 1.3868000000000002e-05 1533
1685350410551 1.3864000000000001e-05 1534
1685350410616 1.386e-05 1535
1685350410682 1.3856e-05 1536
1685350410747 1.3852e-05 1537
1685350410814 1.3848000000000002e-05 1538
1685350410883 1.3844000000000002e-05 1539
1685350410951 1.384e-05 1540
1685350411018 1.3836000000000001e-05 1541
1685350411084 1.3832e-05 1542
1685350411150 1.3828000000000002e-05 1543
1685350411214 1.3824000000000002e-05 1544
1685350411281 1.382e-05 1545
1685350411346 1.3816000000000001e-05 1546
1685350411411 1.3812000000000001e-05 1547
1685350411478 1.3808e-05 1548
1685350411544 1.3804000000000002e-05 1549
1685350411611 1.38e-05 1550
1685350411678 1.3796e-05 1551
1685350411742 1.3792000000000001e-05 1552
1685350411807 1.3788e-05 1553
1685350411872 1.3784000000000002e-05 1554
1685350411938 1.378e-05 1555
1685350412003 1.3776e-05 1556
1685350412070 1.3772000000000001e-05 1557
1685350412136 1.3768000000000001e-05 1558
1685350412203 1.3764000000000002e-05 1559
1685350412267 1.376e-05 1560
1685350412332 1.3756e-05 1561
1685350412401 1.3752000000000001e-05 1562
1685350412469 1.3748000000000001e-05 1563
1685350412535 1.3744000000000003e-05 1564
1685350412601 1.3740000000000002e-05 1565
1685350412666 1.3736e-05 1566
1685350412731 1.3732000000000002e-05 1567
1685350412795 1.3728000000000001e-05 1568
1685350412865 1.3724000000000001e-05 1569
1685350412931 1.3720000000000002e-05 1570
1685350412997 1.3716e-05 1571
1685350413064 1.3712e-05 1572
1685350413130 1.3708000000000002e-05 1573
1685350413195 1.3704000000000001e-05 1574
1685350413267 1.3700000000000003e-05 1575
1685350413333 1.3696e-05 1576
1685350413399 1.3692e-05 1577
1685350413467 1.3688000000000002e-05 1578
1685350413532 1.3684000000000001e-05 1579
1685350413601 1.3680000000000003e-05 1580
1685350413667 1.3676000000000001e-05 1581
1685350413732 1.3672e-05 1582
1685350413797 1.3668000000000002e-05 1583
1685350413863 1.3664000000000002e-05 1584
1685350413928 1.3660000000000001e-05 1585
1685350413994 1.3656000000000001e-05 1586
1685350414058 1.3652e-05 1587
1685350414123 1.3648e-05 1588
1685350414188 1.3644000000000002e-05 1589
1685350414255 1.3640000000000002e-05 1590
1685350414323 1.3636e-05 1591
1685350414389 1.3632000000000001e-05 1592
1685350414458 1.3628e-05 1593
1685350414527 1.3624000000000002e-05 1594
1685350414598 1.3620000000000002e-05 1595
1685350414666 1.3616e-05 1596
1685350414732 1.3612000000000001e-05 1597
1685350414799 1.3608e-05 1598
1685350414866 1.3604000000000002e-05 1599
1685350414932 1.3600000000000002e-05 1600
1685350414996 1.3596e-05 1601
1685350415061 1.3592000000000001e-05 1602
1685350415126 1.3588000000000001e-05 1603
1685350415193 1.3584000000000002e-05 1604
1685350415263 1.3580000000000002e-05 1605
1685350415329 1.3576e-05 1606
1685350415394 1.3572000000000002e-05 1607
1685350415459 1.3568000000000001e-05 1608
1685350415523 1.3564000000000001e-05 1609
1685350415590 1.3560000000000002e-05 1610
1685350415654 1.3556e-05 1611
1685350415720 1.3552e-05 1612
1685350415786 1.3548000000000001e-05 1613
1685350415851 1.3544000000000001e-05 1614
1685350415917 1.3540000000000003e-05 1615
1685350415984 1.3536e-05 1616
1685350416049 1.3532e-05 1617
1685350416115 1.3528000000000002e-05 1618
1685350416182 1.3524000000000001e-05 1619
1685350416246 1.3520000000000003e-05 1620
1685350416313 1.3516e-05 1621
1685350416380 1.3512e-05 1622
1685350416445 1.3508000000000002e-05 1623
1685350416512 1.3504000000000001e-05 1624
1685350416579 1.3500000000000001e-05 1625
1685350416644 1.3496000000000001e-05 1626
1685350416710 1.3492e-05 1627
1685350416774 1.3488e-05 1628
1685350416841 1.3484000000000002e-05 1629
1685350416912 1.3480000000000001e-05 1630
1685350416977 1.3476e-05 1631
1685350417042 1.3472e-05 1632
1685350417108 1.3468e-05 1633
1685350417174 1.3464000000000002e-05 1634
1685350417240 1.3460000000000002e-05 1635
1685350417306 1.3456e-05 1636
1685350417371 1.3452000000000001e-05 1637
1685350417438 1.3448e-05 1638
1685350417503 1.3444000000000002e-05 1639
1685350417568 1.3440000000000002e-05 1640
1685350417633 1.3436e-05 1641
1685350417698 1.3432000000000001e-05 1642
1685350417763 1.3428000000000001e-05 1643
1685350417829 1.3424000000000002e-05 1644
1685350417894 1.3420000000000002e-05 1645
1685350417960 1.3416e-05 1646
1685350418024 1.3412000000000001e-05 1647
1685350418090 1.3408000000000001e-05 1648
1685350418154 1.3404e-05 1649
1685350418220 1.3400000000000002e-05 1650
1685350418288 1.3396e-05 1651
1685350418356 1.3392e-05 1652
1685350418422 1.3388000000000001e-05 1653
1685350418487 1.3384000000000001e-05 1654
1685350418553 1.3380000000000002e-05 1655
1685350418619 1.3376e-05 1656
1685350418685 1.3372e-05 1657
1685350418751 1.3368000000000001e-05 1658
1685350418817 1.3364000000000001e-05 1659
1685350418886 1.3360000000000003e-05 1660
1685350418951 1.3356e-05 1661
1685350419019 1.3352e-05 1662
1685350419085 1.3348000000000002e-05 1663
1685350419151 1.3344000000000001e-05 1664
1685350419217 1.3340000000000001e-05 1665
1685350419282 1.3336e-05 1666
1685350419346 1.3332e-05 1667
1685350419411 1.3328e-05 1668
1685350419478 1.3324000000000002e-05 1669
1685350419543 1.3320000000000001e-05 1670
1685350419608 1.3316e-05 1671
1685350419672 1.3312e-05 1672
1685350419739 1.3308e-05 1673
1685350419806 1.3304000000000002e-05 1674
1685350419872 1.3300000000000001e-05 1675
1685350419937 1.3296e-05 1676
1685350420008 1.3292e-05 1677
1685350420075 1.3288e-05 1678
1685350420141 1.3284000000000002e-05 1679
1685350420208 1.3280000000000002e-05 1680
1685350420276 1.3276e-05 1681
1685350420343 1.3272000000000001e-05 1682
1685350420410 1.3268e-05 1683
1685350420476 1.3264000000000002e-05 1684
1685350420543 1.3260000000000002e-05 1685
1685350420607 1.3256e-05 1686
1685350420672 1.3252000000000001e-05 1687
1685350420736 1.3248000000000001e-05 1688
1685350420802 1.3244e-05 1689
1685350420867 1.3240000000000002e-05 1690
1685350420932 1.3236000000000002e-05 1691
1685350420997 1.3232e-05 1692
1685350421062 1.3228000000000001e-05 1693
1685350421127 1.3224e-05 1694
1685350421193 1.3220000000000002e-05 1695
1685350421258 1.3216000000000002e-05 1696
1685350421324 1.3212e-05 1697
1685350421390 1.3208000000000001e-05 1698
1685350421455 1.3204000000000001e-05 1699
1685350421523 1.3200000000000002e-05 1700
1685350421597 1.3196000000000002e-05 1701
1685350421664 1.3192e-05 1702
1685350421732 1.3188000000000001e-05 1703
1685350421798 1.3184000000000001e-05 1704
1685350421865 1.3180000000000001e-05 1705
1685350421930 1.3176000000000002e-05 1706
1685350421999 1.3172e-05 1707
1685350422066 1.3168e-05 1708
1685350422133 1.3164000000000001e-05 1709
1685350422199 1.3160000000000001e-05 1710
1685350422267 1.3156000000000002e-05 1711
1685350422333 1.3152e-05 1712
1685350422428 1.3148e-05 1713
1685350422495 1.3144000000000002e-05 1714
1685350422565 1.3140000000000001e-05 1715
1685350422632 1.3136000000000003e-05 1716
1685350422698 1.3132e-05 1717
1685350422764 1.3128e-05 1718
1685350422829 1.3124000000000002e-05 1719
1685350422895 1.3120000000000001e-05 1720
1685350422960 1.3116000000000003e-05 1721
1685350423024 1.3112e-05 1722
1685350423090 1.3108e-05 1723
1685350423159 1.3104000000000002e-05 1724
1685350423226 1.3100000000000002e-05 1725
1685350423292 1.3096000000000001e-05 1726
1685350423358 1.3092000000000001e-05 1727
1685350423424 1.3088e-05 1728
1685350423492 1.3084e-05 1729
1685350423557 1.3080000000000002e-05 1730
1685350423624 1.3076000000000002e-05 1731
1685350423688 1.3072e-05 1732
1685350423754 1.3068000000000001e-05 1733
1685350423820 1.3064e-05 1734
1685350423885 1.3060000000000002e-05 1735
1685350423951 1.3056000000000002e-05 1736
1685350424017 1.3052e-05 1737
1685350424081 1.3048000000000001e-05 1738
1685350424146 1.3044e-05 1739
1685350424212 1.3040000000000002e-05 1740
1685350424278 1.3036000000000002e-05 1741
1685350424346 1.3032e-05 1742
1685350424411 1.3028000000000001e-05 1743
1685350424477 1.3024000000000001e-05 1744
1685350424544 1.302e-05 1745
1685350424609 1.3016000000000002e-05 1746
1685350424674 1.3012e-05 1747
1685350424740 1.3008e-05 1748
1685350424806 1.3004000000000001e-05 1749
1685350424858 1.3000000000000001e-05 1750
1685350431620 1.2996000000000002e-05 1751
1685350431696 1.2992e-05 1752
1685350431763 1.2988e-05 1753
1685350431831 1.2984000000000001e-05 1754
1685350431898 1.2980000000000001e-05 1755
1685350431968 1.2976000000000002e-05 1756
1685350432036 1.2972e-05 1757
1685350432107 1.2968e-05 1758
1685350432177 1.2964000000000002e-05 1759
1685350432243 1.2960000000000001e-05 1760
1685350432309 1.2956000000000003e-05 1761
1685350432376 1.2952e-05 1762
1685350432442 1.2948e-05 1763
1685350432513 1.2944000000000002e-05 1764
1685350432584 1.2940000000000001e-05 1765
1685350432650 1.2936000000000001e-05 1766
1685350432722 1.2932000000000001e-05 1767
1685350432790 1.2928e-05 1768
1685350432860 1.2924e-05 1769
1685350432927 1.2920000000000002e-05 1770
1685350432995 1.2916000000000001e-05 1771
1685350433062 1.2912e-05 1772
1685350433126 1.2908e-05 1773
1685350433191 1.2904e-05 1774
1685350433256 1.2900000000000002e-05 1775
1685350433323 1.2896000000000002e-05 1776
1685350433388 1.2892e-05 1777
1685350433455 1.2888000000000001e-05 1778
1685350433522 1.2884e-05 1779
1685350433588 1.2880000000000002e-05 1780
1685350433655 1.2876000000000002e-05 1781
1685350433719 1.2872e-05 1782
1685350433790 1.2868000000000001e-05 1783
1685350433858 1.2864e-05 1784
1685350433927 1.286e-05 1785
1685350433994 1.2856000000000002e-05 1786
1685350434061 1.2852e-05 1787
1685350434127 1.2848e-05 1788
1685350434193 1.2844000000000001e-05 1789
1685350434261 1.284e-05 1790
1685350434330 1.2836000000000002e-05 1791
1685350434396 1.2832e-05 1792
1685350434462 1.2828e-05 1793
1685350434528 1.2824000000000001e-05 1794
1685350434595 1.2820000000000001e-05 1795
1685350434660 1.2816000000000002e-05 1796
1685350434727 1.2812e-05 1797
1685350434793 1.2808e-05 1798
1685350434863 1.2804000000000001e-05 1799
1685350434929 1.2800000000000001e-05 1800
1685350434995 1.2796000000000003e-05 1801
1685350435061 1.2792e-05 1802
1685350435127 1.2788e-05 1803
1685350435194 1.2784000000000002e-05 1804
1685350435259 1.2780000000000001e-05 1805
1685350435326 1.2776000000000001e-05 1806
1685350435394 1.2772e-05 1807
1685350435461 1.2768e-05 1808
1685350435529 1.2764e-05 1809
1685350435597 1.2760000000000001e-05 1810
1685350435664 1.2756000000000001e-05 1811
1685350435729 1.2752e-05 1812
1685350435794 1.2748e-05 1813
1685350435860 1.2744e-05 1814
1685350435925 1.2740000000000002e-05 1815
1685350435990 1.2736000000000001e-05 1816
1685350436057 1.2732000000000003e-05 1817
1685350436123 1.2728e-05 1818
1685350436188 1.2724e-05 1819
1685350436254 1.2720000000000002e-05 1820
1685350436321 1.2716000000000002e-05 1821
1685350436388 1.2712000000000001e-05 1822
1685350436454 1.2708000000000001e-05 1823
1685350436520 1.2704e-05 1824
1685350436586 1.27e-05 1825
1685350436653 1.2696000000000002e-05 1826
1685350436719 1.2692000000000001e-05 1827
1685350436787 1.2688e-05 1828
1685350436854 1.2684000000000001e-05 1829
1685350436920 1.268e-05 1830
1685350436986 1.2676000000000002e-05 1831
1685350437051 1.2672000000000002e-05 1832
1685350437117 1.2668e-05 1833
1685350437183 1.2664000000000001e-05 1834
1685350437251 1.266e-05 1835
1685350437317 1.2656000000000002e-05 1836
1685350437383 1.2652000000000002e-05 1837
1685350437451 1.2648e-05 1838
1685350437517 1.2644000000000001e-05 1839
1685350437583 1.2640000000000001e-05 1840
1685350437653 1.2636000000000002e-05 1841
1685350437719 1.2632000000000002e-05 1842
1685350437785 1.2628e-05 1843
1685350437850 1.2624000000000001e-05 1844
1685350437917 1.2620000000000001e-05 1845
1685350437983 1.2616e-05 1846
1685350438049 1.2612000000000002e-05 1847
1685350438114 1.2608e-05 1848
1685350438179 1.2604e-05 1849
1685350438244 1.2600000000000001e-05 1850
1685350438309 1.2596000000000001e-05 1851
1685350438380 1.2592000000000002e-05 1852
1685350438446 1.2588e-05 1853
1685350438512 1.2584e-05 1854
1685350438578 1.2580000000000002e-05 1855
1685350438644 1.2576000000000001e-05 1856
1685350438710 1.2572000000000003e-05 1857
1685350438778 1.2568e-05 1858
1685350438849 1.2564e-05 1859
1685350438916 1.2560000000000002e-05 1860
1685350438982 1.2556000000000001e-05 1861
1685350439050 1.2552000000000001e-05 1862
1685350439117 1.2548e-05 1863
1685350439182 1.2544e-05 1864
1685350439246 1.254e-05 1865
1685350439312 1.2536000000000002e-05 1866
1685350439377 1.2532000000000001e-05 1867
1685350439443 1.2528e-05 1868
1685350439509 1.2524e-05 1869
1685350439574 1.252e-05 1870
1685350439643 1.2516000000000002e-05 1871
1685350439711 1.2512000000000002e-05 1872
1685350439777 1.2508e-05 1873
1685350439842 1.2504000000000001e-05 1874
1685350439908 1.25e-05 1875
1685350439974 1.2496000000000002e-05 1876
1685350440040 1.2492000000000002e-05 1877
1685350440107 1.2488e-05 1878
1685350440174 1.2484000000000001e-05 1879
1685350440239 1.248e-05 1880
1685350440307 1.2476000000000002e-05 1881
1685350440371 1.2472000000000002e-05 1882
1685350440438 1.2468e-05 1883
1685350440506 1.2464000000000001e-05 1884
1685350440572 1.2460000000000001e-05 1885
1685350440640 1.2456e-05 1886
1685350440707 1.2452000000000002e-05 1887
1685350440773 1.2448e-05 1888
1685350440839 1.2444e-05 1889
1685350440906 1.2440000000000001e-05 1890
1685350440973 1.2436000000000001e-05 1891
1685350441040 1.2432000000000002e-05 1892
1685350441113 1.2428e-05 1893
1685350441181 1.2424e-05 1894
1685350441254 1.2420000000000001e-05 1895
1685350441326 1.2416000000000001e-05 1896
1685350441399 1.2412000000000002e-05 1897
1685350441468 1.2408e-05 1898
1685350441538 1.2404e-05 1899
1685350441614 1.2400000000000002e-05 1900
1685350441698 1.2396000000000001e-05 1901
1685350441775 1.2392000000000003e-05 1902
1685350441852 1.2388e-05 1903
1685350441924 1.2384e-05 1904
1685350441993 1.2380000000000002e-05 1905
1685350442063 1.2376000000000001e-05 1906
1685350442134 1.2372000000000001e-05 1907
1685350442204 1.2368e-05 1908
1685350442273 1.2364e-05 1909
1685350442341 1.236e-05 1910
1685350442411 1.2356000000000002e-05 1911
1685350442483 1.2352000000000001e-05 1912
1685350442553 1.2348e-05 1913
1685350442626 1.2344e-05 1914
1685350442696 1.234e-05 1915
1685350442774 1.2336000000000002e-05 1916
1685350442848 1.2332000000000002e-05 1917
1685350442918 1.2328e-05 1918
1685350442989 1.2324000000000001e-05 1919
1685350443065 1.232e-05 1920
1685350443139 1.2316000000000002e-05 1921
1685350443210 1.2312000000000002e-05 1922
1685350443280 1.2308e-05 1923
1685350443357 1.2304000000000001e-05 1924
1685350443431 1.23e-05 1925
1685350443507 1.2296e-05 1926
1685350443580 1.2292000000000002e-05 1927
1685350443655 1.2288e-05 1928
1685350443727 1.2284e-05 1929
1685350443798 1.2280000000000001e-05 1930
1685350443890 1.2276e-05 1931
1685350443993 1.2272000000000002e-05 1932
1685350444063 1.2268e-05 1933
1685350444129 1.2264e-05 1934
1685350444195 1.2260000000000001e-05 1935
1685350444262 1.2256000000000001e-05 1936
1685350444331 1.2252000000000002e-05 1937
1685350444401 1.2248000000000002e-05 1938
1685350444470 1.2244e-05 1939
1685350444538 1.2240000000000001e-05 1940
1685350444606 1.2236000000000001e-05 1941
1685350444671 1.2232000000000002e-05 1942
1685350444736 1.2228000000000002e-05 1943
1685350444802 1.2224e-05 1944
1685350444869 1.2220000000000002e-05 1945
1685350444935 1.2216000000000001e-05 1946
1685350445001 1.2212000000000001e-05 1947
1685350445067 1.2208000000000002e-05 1948
1685350445132 1.2204e-05 1949
1685350445198 1.22e-05 1950
1685350445264 1.2196000000000001e-05 1951
1685350445332 1.2192000000000001e-05 1952
1685350445398 1.2188000000000003e-05 1953
1685350445464 1.2184e-05 1954
1685350445531 1.218e-05 1955
1685350445597 1.2176000000000002e-05 1956
1685350445664 1.2172000000000001e-05 1957
1685350445732 1.2168000000000003e-05 1958
1685350445799 1.2164e-05 1959
1685350445865 1.216e-05 1960
1685350445930 1.2156000000000002e-05 1961
1685350445995 1.2152000000000002e-05 1962
1685350446062 1.2148000000000001e-05 1963
1685350446128 1.2144000000000001e-05 1964
1685350446194 1.214e-05 1965
1685350446260 1.2136e-05 1966
1685350446326 1.2132000000000002e-05 1967
1685350446391 1.2128000000000001e-05 1968
1685350446455 1.2124e-05 1969
1685350446521 1.2120000000000001e-05 1970
1685350446591 1.2116e-05 1971
1685350446656 1.2112000000000002e-05 1972
1685350446721 1.2108000000000002e-05 1973
1685350446786 1.2104e-05 1974
1685350446853 1.2100000000000001e-05 1975
1685350446918 1.2096e-05 1976
1685350446982 1.2092000000000002e-05 1977
1685350447047 1.2088000000000002e-05 1978
1685350447112 1.2084e-05 1979
1685350447180 1.2080000000000001e-05 1980
1685350447246 1.2076000000000001e-05 1981
1685350447312 1.2072000000000002e-05 1982
1685350447378 1.2068000000000002e-05 1983
1685350447443 1.2064e-05 1984
1685350447508 1.2060000000000001e-05 1985
1685350447573 1.2056000000000001e-05 1986
1685350447639 1.2052e-05 1987
1685350447704 1.2048000000000002e-05 1988
1685350447770 1.2044e-05 1989
1685350447835 1.204e-05 1990
1685350447902 1.2036000000000001e-05 1991
1685350447966 1.2032000000000001e-05 1992
1685350448034 1.2028000000000002e-05 1993
1685350448099 1.2024e-05 1994
1685350448164 1.202e-05 1995
1685350448229 1.2016000000000002e-05 1996
1685350448295 1.2012000000000001e-05 1997
1685350448362 1.2008000000000003e-05 1998
1685350448428 1.2004e-05 1999
1685350448480 1.2e-05 2000
1685350457674 1.1996000000000002e-05 2001
1685350457743 1.1992000000000001e-05 2002
1685350457810 1.1988000000000001e-05 2003
1685350457878 1.1984e-05 2004
1685350457942 1.198e-05 2005
1685350458006 1.1976e-05 2006
1685350458071 1.1972000000000002e-05 2007
1685350458136 1.1968000000000001e-05 2008
1685350458200 1.1964e-05 2009
1685350458264 1.196e-05 2010
1685350458333 1.1956e-05 2011
1685350458398 1.1952000000000002e-05 2012
1685350458463 1.1948000000000001e-05 2013
1685350458530 1.1944e-05 2014
1685350458597 1.1940000000000001e-05 2015
1685350458662 1.1936e-05 2016
1685350458727 1.1932000000000002e-05 2017
1685350458792 1.1928000000000002e-05 2018
1685350458857 1.1924e-05 2019
1685350458921 1.1920000000000001e-05 2020
1685350458987 1.1916e-05 2021
1685350459051 1.1912000000000002e-05 2022
1685350459117 1.1908000000000002e-05 2023
1685350459182 1.1904e-05 2024
1685350459246 1.1900000000000001e-05 2025
1685350459312 1.1896000000000001e-05 2026
1685350459378 1.1892e-05 2027
1685350459443 1.1888000000000002e-05 2028
1685350459509 1.1884e-05 2029
1685350459573 1.188e-05 2030
1685350459643 1.1876000000000001e-05 2031
1685350459709 1.1872000000000001e-05 2032
1685350459774 1.1868000000000002e-05 2033
1685350459840 1.1864e-05 2034
1685350459905 1.186e-05 2035
1685350459969 1.1856000000000001e-05 2036
1685350460034 1.1852000000000001e-05 2037
1685350460101 1.1848000000000002e-05 2038
1685350460166 1.1844e-05 2039
1685350460231 1.184e-05 2040
1685350460296 1.1836000000000002e-05 2041
1685350460363 1.1832000000000001e-05 2042
1685350460431 1.1828000000000001e-05 2043
1685350460497 1.1824e-05 2044
1685350460563 1.182e-05 2045
1685350460628 1.1816e-05 2046
1685350460693 1.1812000000000001e-05 2047
1685350460760 1.1808000000000001e-05 2048
1685350460830 1.1803999999999999e-05 2049
1685350460895 1.18e-05 2050
1685350460960 1.1796e-05 2051
1685350461027 1.1792000000000002e-05 2052
1685350461094 1.1788000000000001e-05 2053
1685350461160 1.1784e-05 2054
1685350461225 1.178e-05 2055
1685350461291 1.1776e-05 2056
1685350461356 1.1772000000000002e-05 2057
1685350461422 1.1768000000000002e-05 2058
1685350461487 1.1764e-05 2059
1685350461552 1.1760000000000001e-05 2060
1685350461620 1.1756e-05 2061
1685350461691 1.1752000000000002e-05 2062
1685350461758 1.1748000000000002e-05 2063
1685350461824 1.1744000000000001e-05 2064
1685350461890 1.1740000000000001e-05 2065
1685350461961 1.1736e-05 2066
1685350462032 1.1732e-05 2067
1685350462100 1.1728000000000002e-05 2068
1685350462165 1.1724000000000002e-05 2069
1685350462229 1.172e-05 2070
1685350462297 1.1716000000000001e-05 2071
1685350462362 1.1712e-05 2072
1685350462430 1.1708000000000002e-05 2073
1685350462499 1.1704000000000002e-05 2074
1685350462567 1.17e-05 2075
1685350462633 1.1696000000000001e-05 2076
1685350462700 1.1692000000000001e-05 2077
1685350462769 1.1688000000000002e-05 2078
1685350462834 1.1684000000000002e-05 2079
1685350462898 1.168e-05 2080
1685350462963 1.1676000000000001e-05 2081
1685350463029 1.1672000000000001e-05 2082
1685350463094 1.1668e-05 2083
1685350463158 1.1664000000000002e-05 2084
1685350463224 1.166e-05 2085
1685350463291 1.1656e-05 2086
1685350463356 1.1652000000000001e-05 2087
1685350463423 1.1648000000000001e-05 2088
1685350463489 1.1644000000000002e-05 2089
1685350463555 1.164e-05 2090
1685350463622 1.1636e-05 2091
1685350463690 1.1632000000000001e-05 2092
1685350463756 1.1628000000000001e-05 2093
1685350463821 1.1624000000000003e-05 2094
1685350463909 1.162e-05 2095
1685350463993 1.1616e-05 2096
1685350464058 1.1612000000000002e-05 2097
1685350464123 1.1608000000000001e-05 2098
1685350464189 1.1604000000000003e-05 2099
1685350464255 1.16e-05 2100
1685350464321 1.1596e-05 2101
1685350464389 1.1592000000000002e-05 2102
1685350464453 1.1588000000000002e-05 2103
1685350464517 1.1584000000000001e-05 2104
1685350464582 1.1580000000000001e-05 2105
1685350464647 1.1576e-05 2106
1685350464711 1.1572e-05 2107
1685350464775 1.1568000000000002e-05 2108
1685350464841 1.1564000000000001e-05 2109
1685350464909 1.156e-05 2110
1685350464973 1.1556e-05 2111
1685350465037 1.1552e-05 2112
1685350465105 1.1548000000000002e-05 2113
1685350465174 1.1544000000000002e-05 2114
1685350465244 1.154e-05 2115
1685350465313 1.1536000000000001e-05 2116
1685350465385 1.1532e-05 2117
1685350465451 1.1528000000000002e-05 2118
1685350465518 1.1524000000000002e-05 2119
1685350465591 1.152e-05 2120
1685350465659 1.1516000000000001e-05 2121
1685350465731 1.1512000000000001e-05 2122
1685350465801 1.1508e-05 2123
1685350465873 1.1504000000000002e-05 2124
1685350465940 1.15e-05 2125
1685350466007 1.1496e-05 2126
1685350466074 1.1492000000000001e-05 2127
1685350466146 1.1488e-05 2128
1685350466213 1.1484000000000002e-05 2129
1685350466280 1.148e-05 2130
1685350466347 1.1476e-05 2131
1685350466414 1.1472000000000001e-05 2132
1685350466483 1.1468000000000001e-05 2133
1685350466553 1.1464000000000002e-05 2134
1685350466621 1.146e-05 2135
1685350466691 1.1456e-05 2136
1685350466764 1.1452000000000001e-05 2137
1685350466832 1.1448000000000001e-05 2138
1685350466898 1.1444000000000003e-05 2139
1685350466970 1.144e-05 2140
1685350467036 1.1436e-05 2141
1685350467105 1.1432000000000002e-05 2142
1685350467179 1.1428000000000001e-05 2143
1685350467248 1.1424000000000001e-05 2144
1685350467320 1.142e-05 2145
1685350467387 1.1416e-05 2146
1685350467462 1.1412e-05 2147
1685350467532 1.1408000000000002e-05 2148
1685350467602 1.1404000000000001e-05 2149
1685350467670 1.14e-05 2150
1685350467744 1.1396e-05 2151
1685350467813 1.1392e-05 2152
1685350467885 1.1388000000000002e-05 2153
1685350467956 1.1384000000000001e-05 2154
1685350468025 1.138e-05 2155
1685350468096 1.1376000000000001e-05 2156
1685350468165 1.1372e-05 2157
1685350468231 1.1368000000000002e-05 2158
1685350468301 1.1364000000000002e-05 2159
1685350468372 1.136e-05 2160
1685350468446 1.1356000000000001e-05 2161
1685350468515 1.1352e-05 2162
1685350468586 1.1348e-05 2163
1685350468663 1.1344000000000002e-05 2164
1685350468737 1.134e-05 2165
1685350468807 1.1336e-05 2166
1685350468879 1.1332000000000001e-05 2167
1685350468948 1.1328e-05 2168
1685350469021 1.1324000000000002e-05 2169
1685350469087 1.132e-05 2170
1685350469153 1.1316e-05 2171
1685350469218 1.1312000000000001e-05 2172
1685350469283 1.1308e-05 2173
1685350469349 1.1304000000000002e-05 2174
1685350469414 1.13e-05 2175
1685350469486 1.1296e-05 2176
1685350469550 1.1292000000000001e-05 2177
1685350469616 1.1288000000000001e-05 2178
1685350469680 1.1284000000000002e-05 2179
1685350469745 1.128e-05 2180
1685350469812 1.1276e-05 2181
1685350469877 1.1272000000000002e-05 2182
1685350469942 1.1268000000000001e-05 2183
1685350470006 1.1264000000000001e-05 2184
1685350470073 1.126e-05 2185
1685350470139 1.1256e-05 2186
1685350470204 1.1252e-05 2187
1685350470269 1.1248000000000001e-05 2188
1685350470335 1.1244000000000001e-05 2189
1685350470401 1.1240000000000002e-05 2190
1685350470467 1.1236e-05 2191
1685350470532 1.1232e-05 2192
1685350470597 1.1228000000000002e-05 2193
1685350470664 1.1224000000000001e-05 2194
1685350470729 1.1220000000000003e-05 2195
1685350470794 1.1216e-05 2196
1685350470859 1.1212e-05 2197
1685350470924 1.1208000000000002e-05 2198
1685350470989 1.1204000000000001e-05 2199
1685350471053 1.1200000000000001e-05 2200
1685350471119 1.1196000000000001e-05 2201
1685350471187 1.1192e-05 2202
1685350471252 1.1188e-05 2203
1685350471316 1.1184000000000002e-05 2204
1685350471381 1.1180000000000001e-05 2205
1685350471446 1.1176e-05 2206
1685350471511 1.1172e-05 2207
1685350471577 1.1168e-05 2208
1685350471649 1.1164000000000002e-05 2209
1685350471716 1.1160000000000002e-05 2210
1685350471785 1.1156e-05 2211
1685350471850 1.1152000000000001e-05 2212
1685350471916 1.1148e-05 2213
1685350471981 1.1144000000000002e-05 2214
1685350472048 1.1140000000000002e-05 2215
1685350472120 1.1136e-05 2216
1685350472188 1.1132000000000001e-05 2217
1685350472254 1.1128000000000001e-05 2218
1685350472320 1.1124000000000002e-05 2219
1685350472386 1.1120000000000002e-05 2220
1685350472455 1.1116e-05 2221
1685350472522 1.1112000000000001e-05 2222
1685350472588 1.1108000000000001e-05 2223
1685350472656 1.1104e-05 2224
1685350472721 1.1100000000000002e-05 2225
1685350472785 1.1096e-05 2226
1685350472852 1.1092e-05 2227
1685350472916 1.1088000000000001e-05 2228
1685350472983 1.1084000000000001e-05 2229
1685350473048 1.1080000000000002e-05 2230
1685350473114 1.1076e-05 2231
1685350473183 1.1072e-05 2232
1685350473249 1.1068000000000001e-05 2233
1685350473315 1.1064000000000001e-05 2234
1685350473383 1.1060000000000003e-05 2235
1685350473452 1.1056e-05 2236
1685350473521 1.1052e-05 2237
1685350473588 1.1048000000000002e-05 2238
1685350473655 1.1044000000000001e-05 2239
1685350473720 1.1040000000000001e-05 2240
1685350473787 1.1036e-05 2241
1685350473853 1.1032e-05 2242
1685350473918 1.1028e-05 2243
1685350473985 1.1024000000000002e-05 2244
1685350474052 1.1020000000000001e-05 2245
1685350474117 1.1016e-05 2246
1685350474182 1.1012e-05 2247
1685350474249 1.1008e-05 2248
1685350474315 1.1004000000000002e-05 2249
1685350474366 1.1000000000000001e-05 2250
