1685350264349 2.0097 1
1685350264438 1.9601 2
1685350264512 1.9828 3
1685350264590 1.9648 4
1685350264664 1.9014 5
1685350264733 1.8689 6
1685350264803 1.8913 7
1685350264871 1.883 8
1685350264940 1.8422 9
1685350265010 1.876 10
1685350265078 1.729 11
1685350265148 1.7846 12
1685350265219 1.6596 13
1685350265291 1.6642 14
1685350265359 1.8292 15
1685350265428 1.9419 16
1685350265497 1.6362 17
1685350265566 1.5726 18
1685350265635 1.3626 19
1685350265705 1.8296 20
1685350265776 2.0154 21
1685350265845 1.4329 22
1685350265913 1.9835 23
1685350265982 1.2927 24
1685350266052 1.3095 25
1685350266122 1.5814 26
1685350266190 1.0334 27
1685350266258 1.0436 28
1685350266328 0.9374 29
1685350266396 1.9274 30
1685350266465 1.8538 31
1685350266533 2.2446 32
1685350266604 1.712 33
1685350266676 1.1547 34
1685350266744 1.5763 35
1685350266814 2.1563 36
1685350266883 1.751 37
1685350266952 2.1232 38
1685350267021 2.6329 39
1685350267088 0.8381 40
1685350267156 1.5503 41
1685350267223 1.8992 42
1685350267293 1.3685 43
1685350267362 1.8692 44
1685350267432 1.743 45
1685350267500 0.9512 46
1685350267568 1.2053 47
1685350267638 1.8092 48
1685350267709 1.1642 49
1685350267777 1.2974 50
1685350267845 1.0764 51
1685350267912 0.9791 52
1685350267983 1.2956 53
1685350268051 1.4684 54
1685350268121 2.3675 55
1685350268187 1.482 56
1685350268257 2.1526 57
1685350268328 1.3517 58
1685350268396 1.2968 59
1685350268466 1.1071 60
1685350268538 0.9197 61
1685350268606 1.9571 62
1685350268675 1.1513 63
1685350268746 1.845 64
1685350268819 1.601 65
1685350268923 1.9262 66
1685350268991 1.6231 67
1685350269060 1.1865 68
1685350269131 1.021 69
1685350269208 1.0917 70
1685350269288 1.072 71
1685350269360 1.2697 72
1685350269430 1.0795 73
1685350269500 1.1504 74
1685350269572 0.9657 75
1685350269641 2.071 76
1685350269712 1.4885 77
1685350269786 2.0966 78
1685350269854 1.7479 79
1685350269924 0.7527 80
1685350269992 1.1463 81
1685350270063 0.8028 82
1685350270131 2.0829 83
1685350270199 2.2935 84
1685350270267 1.206 85
1685350270341 0.9132 86
1685350270412 0.8831 87
1685350270483 1.0886 88
1685350270552 0.6755 89
1685350270620 2.3607 90
1685350270689 1.5258 91
1685350270758 0.9989 92
1685350270829 0.4945 93
1685350270900 2.0249 94
1685350270966 0.9451 95
1685350271036 0.9718 96
1685350271103 1.8261 97
1685350271174 2.6992 98
1685350271249 2.0054 99
1685350271316 0.708 100
1685350271383 0.7084 101
1685350271451 1.0968 102
1685350271518 1.1029 103
1685350271587 1.5774 104
1685350271654 0.6539 105
1685350271722 0.9489 106
1685350271791 1.0666 107
1685350271859 0.9435 108
1685350271926 1.6064 109
1685350271993 1.4533 110
1685350272063 0.6892 111
1685350272131 0.7017 112
1685350272198 2.6729 113
1685350272265 0.7387 114
1685350272332 0.7467 115
1685350272421 0.6877 116
1685350272489 1.3013 117
1685350272561 1.0945 118
1685350272634 0.4922 119
1685350272701 1.0648 120
1685350272769 1.0232 121
1685350272837 0.6364 122
1685350272904 0.7114 123
1685350272971 1.8336 124
1685350273037 0.628 125
1685350273107 2.0048 126
1685350273174 0.7245 127
1685350273246 0.6092 128
1685350273314 1.6342 129
1685350273382 1.5105 130
1685350273451 0.6925 131
1685350273520 1.04 132
1685350273587 0.8662 133
1685350273660 0.8304 134
1685350273731 0.5053 135
1685350273801 0.9845 136
1685350273868 1.9844 137
1685350273935 0.5045 138
1685350274003 1.8269 139
1685350274074 0.5393 140
1685350274142 0.3864 141
1685350274216 0.8732 142
1685350274284 1.4069 143
1685350274354 1.8063 144
1685350274424 0.6044 145
1685350274495 1.7244 146
1685350274563 1.4934 147
1685350274631 0.864 148
1685350274699 0.5823 149
1685350274768 0.3669 150
1685350274836 2.0358 151
1685350274903 2.7473 152
1685350274972 1.1973 153
1685350275039 1.0446 154
1685350275110 0.5926 155
1685350275179 1.6251 156
1685350275250 1.6327 157
1685350275325 0.4327 158
1685350275392 0.5008 159
1685350275460 0.5976 160
1685350275528 0.4086 161
1685350275597 0.1796 162
1685350275665 2.3457 163
1685350275733 0.4425 164
1685350275800 1.4273 165
1685350275868 0.4855 166
1685350275936 0.9266 167
1685350276003 1.294 168
1685350276074 2.1796 169
1685350276144 0.2972 170
1685350276212 0.2719 171
1685350276281 1.6584 172
1685350276348 0.347 173
1685350276419 1.708 174
1685350276488 1.6498 175
1685350276556 1.2517 176
1685350276624 0.3655 177
1685350276693 0.7043 178
1685350276762 0.3908 179
1685350276830 0.7549 180
1685350276901 0.1308 181
1685350276969 1.1566 182
1685350277037 0.3023 183
1685350277108 1.8093 184
1685350277179 0.3827 185
1685350277255 0.2479 186
1685350277325 0.3205 187
1685350277400 0.7189 188
1685350277469 0.8209 189
1685350277539 2.9038 190
1685350277607 0.4345 191
1685350277676 0.2846 192
1685350277743 0.3585 193
1685350277810 0.9021 194
1685350277885 0.073 195
1685350277954 0.9577 196
1685350278021 0.4705 197
1685350278093 0.8767 198
1685350278166 1.2029 199
1685350278235 0.3479 200
1685350278303 0.1743 201
1685350278372 1.0788 202
1685350278441 1.2512 203
1685350278510 0.7107 204
1685350278578 0.2703 205
1685350278645 1.7173 206
1685350278712 1.8006 207
1685350278783 0.6471 208
1685350278849 2.7056 209
1685350278918 0.8421 210
1685350278985 0.7045 211
1685350279052 2.0735 212
1685350279126 2.3455 213
1685350279196 1.5787 214
1685350279265 1.6867 215
1685350279337 0.4085 216
1685350279406 0.2663 217
1685350279474 0.2966 218
1685350279543 0.4973 219
1685350279613 0.8351 220
1685350279682 0.6808 221
1685350279750 0.1791 222
1685350279818 0.7824 223
1685350279888 0.2572 224
1685350279957 0.9107 225
1685350280030 1.8506 226
1685350280101 0.2786 227
1685350280176 0.2707 228
1685350280247 1.1115 229
1685350280316 1.3674 230
1685350280383 2.1759 231
1685350280454 0.1836 232
1685350280524 0.7196 233
1685350280593 1.8563 234
1685350280662 0.3353 235
1685350280731 0.7821 236
1685350280801 2.4167 237
1685350280873 0.5477 238
1685350280941 0.1105 239
1685350281010 0.1849 240
1685350281080 1.8607 241
1685350281148 0.1796 242
1685350281216 0.4824 243
1685350281290 0.1354 244
1685350281361 0.1792 245
1685350281430 0.8914 246
1685350281498 0.1257 247
1685350281567 0.3844 248
1685350281635 0.2199 249
1685350281688 1.3834 250
1685350290371 0.0521 251
1685350290446 1.959 252
1685350290514 0.0985 253
1685350290581 0.2065 254
1685350290648 0.3758 255
1685350290721 0.1624 256
1685350290789 1.1935 257
1685350290856 2.469 258
1685350290923 1.8848 259
1685350290990 0.4852 260
1685350291056 0.437 261
1685350291130 0.2036 262
1685350291198 1.9024 263
1685350291264 1.3463 264
1685350291330 0.7046 265
1685350291400 0.1067 266
1685350291467 0.6205 267
1685350291534 1.9583 268
1685350291603 1.3113 269
1685350291669 1.4312 270
1685350291736 1.5581 271
1685350291803 2.0532 272
1685350291869 1.185 273
1685350291936 0.5929 274
1685350292004 0.1707 275
1685350292072 0.114 276
1685350292139 0.3142 277
1685350292206 0.3298 278
1685350292274 0.2463 279
1685350292341 0.5222 280
1685350292409 0.4927 281
1685350292477 0.3354 282
1685350292545 0.2668 283
1685350292612 0.0994 284
1685350292680 1.2489 285
1685350292748 0.0674 286
1685350292816 1.4316 287
1685350292883 0.0361 288
1685350292953 0.5697 289
1685350293019 0.0338 290
1685350293086 0.7243 291
1685350293154 0.8353 292
1685350293221 0.2714 293
1685350293289 0.1129 294
1685350293359 0.2165 295
1685350293427 0.2707 296
1685350293494 0.1081 297
1685350293564 0.0842 298
1685350293631 0.6478 299
1685350293696 1.5978 300
1685350293764 0.8795 301
1685350293831 0.2758 302
1685350293901 0.4223 303
1685350293968 0.2286 304
1685350294035 0.1281 305
1685350294103 0.9423 306
1685350294170 0.5687 307
1685350294238 0.3406 308
1685350294305 0.3516 309
1685350294372 0.0942 310
1685350294440 0.929 311
1685350294507 1.8367 312
1685350294574 0.9752 313
1685350294642 0.1073 314
1685350294710 0.7883 315
1685350294777 0.2414 316
1685350294850 0.0553 317
1685350294919 0.1019 318
1685350294986 0.3015 319
1685350295054 1.1077 320
1685350295121 0.3294 321
1685350295195 0.4014 322
1685350295263 4.0718 323
1685350295330 1.9362 324
1685350295397 0.7749 325
1685350295464 0.2241 326
1685350295531 0.0502 327
1685350295598 0.3039 328
1685350295665 1.4234 329
1685350295732 0.1874 330
1685350295799 0.2318 331
1685350295866 0.8059 332
1685350295934 0.6009 333
1685350296002 0.1673 334
1685350296069 1.1935 335
1685350296137 0.0432 336
1685350296204 0.297 337
1685350296276 1.9373 338
1685350296345 0.075 339
1685350296412 0.0458 340
1685350296482 0.0802 341
1685350296551 0.0513 342
1685350296619 2.6362 343
1685350296688 0.1598 344
1685350296757 0.0198 345
1685350296825 1.5251 346
1685350296893 0.8821 347
1685350296961 0.0534 348
1685350297029 0.1764 349
1685350297098 0.0571 350
1685350297167 1.1142 351
1685350297236 0.1614 352
1685350297304 0.0413 353
1685350297375 0.1134 354
1685350297442 0.0412 355
1685350297510 0.0977 356
1685350297576 0.0511 357
1685350297645 0.0376 358
1685350297713 0.4465 359
1685350297779 0.0301 360
1685350297846 0.4289 361
1685350297916 0.0645 362
1685350297983 1.8024 363
1685350298051 0.1073 364
1685350298119 0.0526 365
1685350298188 0.3999 366
1685350298257 0.4837 367
1685350298329 2.4722 368
1685350298397 0.2192 369
1685350298473 0.5376 370
1685350298542 0.33 371
1685350298611 1.1083 372
1685350298679 0.1412 373
1685350298748 0.1311 374
1685350298817 0.0499 375
1685350298884 1.8412 376
1685350298950 0.063 377
1685350299017 0.0409 378
1685350299085 0.0208 379
1685350299152 1.6938 380
1685350299219 0.2324 381
1685350299286 1.3475 382
1685350299353 1.9858 383
1685350299419 0.0391 384
1685350299486 1.7607 385
1685350299552 0.0449 386
1685350299619 0.0703 387
1685350299686 0.1713 388
1685350299752 0.0928 389
1685350299819 0.0623 390
1685350299886 2.354 391
1685350299951 0.0383 392
1685350300018 1.3631 393
1685350300087 0.1418 394
1685350300154 0.0928 395
1685350300222 1.7267 396
1685350300288 1.2302 397
1685350300354 0.0356 398
1685350300425 0.0311 399
1685350300494 0.119 400
1685350300565 2.0845 401
1685350300636 0.0447 402
1685350300705 0.0397 403
1685350300771 0.0349 404
1685350300839 0.5583 405
1685350300909 0.984 406
1685350300978 1.8616 407
1685350301046 0.1534 408
1685350301117 1.5807 409
1685350301187 2.7037 410
1685350301256 2.0057 411
1685350301325 0.0329 412
1685350301394 1.649 413
1685350301463 0.0795 414
1685350301531 0.0805 415
1685350301601 0.0407 416
1685350301670 0.5689 417
1685350301737 0.3112 418
1685350301804 0.0235 419
1685350301869 0.0226 420
1685350301937 1.1443 421
1685350302007 0.0404 422
1685350302075 0.0221 423
1685350302144 0.4693 424
1685350302212 0.0712 425
1685350302278 0.0589 426
1685350302345 0.0413 427
1685350302434 0.0167 428
1685350302505 0.7473 429
1685350302575 0.0394 430
1685350302644 0.0589 431
1685350302710 0.019 432
1685350302776 0.0238 433
1685350302844 0.5792 434
1685350302915 0.0422 435
1685350302982 0.6855 436
1685350303051 0.0401 437
1685350303122 0.0919 438
1685350303190 0.0352 439
1685350303257 1.8707 440
1685350303326 0.1537 441
1685350303393 2.3502 442
1685350303462 0.029 443
1685350303532 1.7878 444
1685350303599 0.0259 445
1685350303668 0.0159 446
1685350303737 0.0561 447
1685350303804 0.0275 448
1685350303869 0.0195 449
1685350303937 0.0395 450
1685350304004 0.0633 451
1685350304075 0.0136 452
1685350304144 0.0126 453
1685350304220 0.0163 454
1685350304288 0.0149 455
1685350304355 0.5277 456
1685350304423 1.2129 457
1685350304496 1.6281 458
1685350304565 0.0319 459
1685350304632 1.9672 460
1685350304698 0.0156 461
1685350304764 0.0419 462
1685350304832 0.0268 463
1685350304899 0.045 464
1685350304967 0.0147 465
1685350305044 0.0141 466
1685350305112 0.0165 467
1685350305178 0.019 468
1685350305247 0.02 469
1685350305313 0.0129 470
1685350305378 0.0117 471
1685350305448 1.3668 472
1685350305514 1.3038 473
1685350305581 0.0171 474
1685350305647 0.0201 475
1685350305712 0.0121 476
1685350305781 0.2817 477
1685350305851 0.037 478
1685350305918 0.0149 479
1685350305990 0.7899 480
1685350306059 0.216 481
1685350306131 1.2259 482
1685350306200 0.0084 483
1685350306265 0.0115 484
1685350306332 0.0115 485
1685350306399 3.2899 486
1685350306465 0.0321 487
1685350306533 0.0697 488
1685350306602 0.015 489
1685350306671 0.0342 490
1685350306737 2.496 491
1685350306803 0.0133 492
1685350306870 0.794 493
1685350306937 0.0149 494
1685350307005 0.0339 495
1685350307070 0.0112 496
1685350307136 0.0123 497
1685350307201 0.0118 498
1685350307265 0.016 499
1685350307321 4.5454 500
1685350313867 0.0209 501
1685350313937 0.0069 502
1685350314006 1.8918 503
1685350314072 1.4066 504
1685350314143 0.9022 505
1685350314210 0.0763 506
1685350314278 0.0116 507
1685350314343 0.0098 508
1685350314409 0.0092 509
1685350314475 0.903 510
1685350314544 0.0645 511
1685350314610 0.0111 512
1685350314675 0.0096 513
1685350314741 0.011 514
1685350314807 0.016 515
1685350314873 0.0338 516
1685350314939 0.0194 517
1685350315007 0.0099 518
1685350315077 1.6761 519
1685350315145 0.7987 520
1685350315213 0.0108 521
1685350315282 1.5867 522
1685350315350 0.018 523
1685350315421 0.1504 524
1685350315488 0.0074 525
1685350315555 0.0114 526
1685350315623 0.0122 527
1685350315689 0.0383 528
1685350315756 2.3606 529
1685350315822 0.0097 530
1685350315889 0.0112 531
1685350315954 0.0281 532
1685350316021 0.3969 533
1685350316087 0.0107 534
1685350316152 0.0123 535
1685350316219 0.3819 536
1685350316288 0.053 537
1685350316356 0.0078 538
1685350316423 1.353 539
1685350316490 0.0453 540
1685350316563 0.0132 541
1685350316633 0.0084 542
1685350316703 1.337 543
1685350316769 0.0087 544
1685350316836 1.7536 545
1685350316903 0.0066 546
1685350316973 1.9023 547
1685350317040 0.0385 548
1685350317107 2.6658 549
1685350317174 0.0127 550
1685350317242 0.0316 551
1685350317309 0.0079 552
1685350317378 1.5874 553
1685350317444 0.0081 554
1685350317512 1.0532 555
1685350317578 0.013 556
1685350317646 0.0558 557
1685350317717 0.0074 558
1685350317785 0.0655 559
1685350317851 0.0109 560
1685350317919 0.9439 561
1685350317986 0.0064 562
1685350318052 0.008 563
1685350318118 0.0088 564
1685350318185 0.012 565
1685350318251 0.9914 566
1685350318319 0.6179 567
1685350318387 0.0102 568
1685350318454 0.0107 569
1685350318523 0.011 570
1685350318590 0.1118 571
1685350318657 0.008 572
1685350318725 0.0062 573
1685350318791 0.0459 574
1685350318857 0.0217 575
1685350318923 0.0105 576
1685350318991 0.0626 577
1685350319059 0.3969 578
1685350319128 2.0286 579
1685350319196 0.0097 580
1685350319263 0.0049 581
1685350319331 0.0164 582
1685350319397 0.0083 583
1685350319465 0.0085 584
1685350319531 0.0249 585
1685350319596 0.0107 586
1685350319663 0.7503 587
1685350319731 0.659 588
1685350319797 0.0086 589
1685350319864 0.0284 590
1685350319932 1.621 591
1685350319997 0.0104 592
1685350320066 0.0062 593
1685350320134 0.0152 594
1685350320201 0.0083 595
1685350320268 0.0054 596
1685350320336 3.1398 597
1685350320402 0.0096 598
1685350320470 0.0075 599
1685350320536 0.0088 600
1685350320603 0.013 601
1685350320670 0.4252 602
1685350320736 0.0073 603
1685350320804 0.0151 604
1685350320870 0.0067 605
1685350320936 0.0045 606
1685350321002 0.0142 607
1685350321068 0.0071 608
1685350321136 0.0054 609
1685350321203 0.0042 610
1685350321270 0.2164 611
1685350321336 0.0062 612
1685350321404 0.0086 613
1685350321472 0.0889 614
1685350321541 2.3749 615
1685350321608 0.0054 616
1685350321678 0.0045 617
1685350321746 0.0127 618
1685350321821 0.3074 619
1685350321893 0.1032 620
1685350321964 2.401 621
1685350322034 1.2815 622
1685350322104 0.0341 623
1685350322172 0.0198 624
1685350322240 0.7836 625
1685350322306 0.0047 626
1685350322371 0.0157 627
1685350322437 0.0105 628
1685350322506 0.0062 629
1685350322573 0.0061 630
1685350322640 1.5848 631
1685350322707 1.0959 632
1685350322773 0.0072 633
1685350322840 0.006 634
1685350322906 0.011 635
1685350322975 0.1991 636
1685350323041 0.0165 637
1685350323109 0.0051 638
1685350323176 0.0048 639
1685350323242 0.0052 640
1685350323309 0.0459 641
1685350323376 0.0094 642
1685350323443 0.0096 643
1685350323515 0.0208 644
1685350323588 0.2504 645
1685350323656 0.006 646
1685350323721 0.0044 647
1685350323788 0.0064 648
1685350323854 0.0105 649
1685350323920 0.0048 650
1685350323987 0.7981 651
1685350324055 1.6632 652
1685350324122 0.0091 653
1685350324188 0.2061 654
1685350324256 0.0095 655
1685350324323 0.003 656
1685350324391 0.1 657
1685350324457 0.0131 658
1685350324525 0.0041 659
1685350324593 0.0078 660
1685350324660 0.0049 661
1685350324726 0.0057 662
1685350324792 0.0059 663
1685350324862 0.024 664
1685350324929 0.4154 665
1685350324996 0.0041 666
1685350325062 0.0027 667
1685350325128 0.0084 668
1685350325194 0.0044 669
1685350325259 0.0055 670
1685350325324 0.0057 671
1685350325389 0.0044 672
1685350325458 0.0037 673
1685350325526 0.0176 674
1685350325592 0.0086 675
1685350325660 3.0411 676
1685350325729 0.0249 677
1685350325795 0.0025 678
1685350325861 0.0049 679
1685350325927 0.0064 680
1685350325992 0.008 681
1685350326057 0.0048 682
1685350326123 0.0053 683
1685350326191 1.9863 684
1685350326257 0.0057 685
1685350326325 0.0118 686
1685350326396 3.1135 687
1685350326464 0.0041 688
1685350326532 0.4147 689
1685350326599 0.0049 690
1685350326671 0.0108 691
1685350326741 0.5123 692
1685350326807 0.0077 693
1685350326873 0.0069 694
1685350326939 0.0047 695
1685350327006 0.2866 696
1685350327074 0.2084 697
1685350327142 1.7871 698
1685350327208 0.0075 699
1685350327273 0.0037 700
1685350327341 0.0048 701
1685350327410 0.0236 702
1685350327475 0.0044 703
1685350327542 0.0031 704
1685350327608 0.0041 705
1685350327675 0.0096 706
1685350327741 0.0049 707
1685350327807 0.0025 708
1685350327873 0.0068 709
1685350327941 0.1581 710
1685350328008 3.1231 711
1685350328074 0.007 712
1685350328140 0.0035 713
1685350328208 0.0054 714
1685350328279 0.0761 715
1685350328349 0.0136 716
1685350328420 0.0036 717
1685350328500 0.0039 718
1685350328572 0.2652 719
1685350328639 0.0052 720
1685350328706 0.0075 721
1685350328772 0.0031 722
1685350328838 0.0128 723
1685350328982 0.1904 724
1685350329048 0.0112 725
1685350329115 0.0045 726
1685350329183 3.1581 727
1685350329251 0.013 728
1685350329328 0.194 729
1685350329396 0.1091 730
1685350329464 0.0859 731
1685350329535 0.0038 732
1685350329602 0.0164 733
1685350329670 0.2194 734
1685350329735 0.0058 735
1685350329802 0.7926 736
1685350329869 0.0956 737
1685350329937 0.0061 738
1685350330003 0.006 739
1685350330071 0.0038 740
1685350330143 0.0308 741
1685350330214 0.1562 742
1685350330283 0.0022 743
1685350330351 3.8428 744
1685350330425 0.0047 745
1685350330493 0.0035 746
1685350330561 0.0915 747
1685350330629 0.005 748
1685350330696 0.0047 749
1685350330750 0.1695 750
1685350336969 0.0047 751
1685350337047 0.0068 752
1685350337119 0.0169 753
1685350337185 0.0066 754
1685350337252 0.0047 755
1685350337321 1.4052 756
1685350337389 0.0034 757
1685350337455 0.0122 758
1685350337530 0.0021 759
1685350337598 0.1008 760
1685350337665 0.0051 761
1685350337732 0.0041 762
1685350337798 0.0034 763
1685350337865 0.0187 764
1685350337930 0.0032 765
1685350337996 3.4194 766
1685350338063 0.1174 767
1685350338129 0.0167 768
1685350338196 0.4069 769
1685350338263 0.0067 770
1685350338332 0.0029 771
1685350338400 0.005 772
1685350338466 0.0039 773
1685350338531 0.0051 774
1685350338598 0.0038 775
1685350338664 0.2205 776
1685350338730 0.004 777
1685350338797 0.0133 778
1685350338864 0.0073 779
1685350338931 0.1845 780
1685350338998 2.6618 781
1685350339065 0.0018 782
1685350339130 0.0041 783
1685350339196 0.0049 784
1685350339263 0.0048 785
1685350339331 0.0521 786
1685350339398 0.009 787
1685350339467 0.0186 788
1685350339538 0.0092 789
1685350339603 0.0041 790
1685350339669 0.0034 791
1685350339734 0.0059 792
1685350339803 0.0213 793
1685350339869 0.0038 794
1685350339934 0.0948 795
1685350340001 0.0091 796
1685350340070 0.0958 797
1685350340137 0.0074 798
1685350340202 0.0037 799
1685350340268 0.0046 800
1685350340333 0.0056 801
1685350340399 0.0054 802
1685350340467 0.0032 803
1685350340533 0.0058 804
1685350340600 0.0049 805
1685350340666 0.0029 806
1685350340732 0.0039 807
1685350340800 0.0031 808
1685350340866 0.0065 809
1685350340931 0.0025 810
1685350340997 0.0493 811
1685350341063 0.8862 812
1685350341128 0.0343 813
1685350341193 0.0426 814
1685350341259 0.0021 815
1685350341326 0.0024 816
1685350341392 0.0029 817
1685350341457 0.0239 818
1685350341524 0.1464 819
1685350341592 0.0037 820
1685350341660 0.0048 821
1685350341727 0.0022 822
1685350341796 0.0029 823
1685350341863 0.0028 824
1685350341929 0.0037 825
1685350341996 0.1855 826
1685350342063 0.0033 827
1685350342131 2.0539 828
1685350342197 0.0036 829
1685350342263 0.0026 830
1685350342330 1.912 831
1685350342396 0.5538 832
1685350342462 0.0027 833
1685350342528 0.0237 834
1685350342595 0.0055 835
1685350342664 0.0042 836
1685350342731 0.124 837
1685350342797 0.0076 838
1685350342863 0.0181 839
1685350342928 0.0028 840
1685350342994 0.0035 841
1685350343058 0.0026 842
1685350343125 0.0023 843
1685350343194 0.0028 844
1685350343260 0.0039 845
1685350343325 0.0052 846
1685350343390 0.002 847
1685350343459 0.0044 848
1685350343530 0.0156 849
1685350343603 0.0182 850
1685350343669 0.012 851
1685350343734 0.026 852
1685350343805 0.0025 853
1685350343873 0.041 854
1685350343938 0.0043 855
1685350344005 0.0048 856
1685350344071 0.0021 857
1685350344139 0.0032 858
1685350344205 0.0022 859
1685350344273 0.0019 860
1685350344340 0.066 861
1685350344405 0.0026 862
1685350344471 0.0017 863
1685350344540 0.0102 864
1685350344606 0.0028 865
1685350344673 0.0053 866
1685350344740 0.1972 867
1685350344807 0.9097 868
1685350344875 0.0026 869
1685350344941 0.0051 870
1685350345007 0.0021 871
1685350345073 0.0019 872
1685350345140 0.0029 873
1685350345207 1.5797 874
1685350345272 0.0024 875
1685350345342 0.0024 876
1685350345408 0.0018 877
1685350345475 1.4812 878
1685350345540 0.004 879
1685350345607 0.0033 880
1685350345673 0.1191 881
1685350345739 0.0184 882
1685350345807 0.0068 883
1685350345872 0.0031 884
1685350345937 0.0053 885
1685350346002 0.0049 886
1685350346068 0.0065 887
1685350346135 0.0021 888
1685350346204 0.0067 889
1685350346270 0.0018 890
1685350346336 0.0069 891
1685350346403 1.6088 892
1685350346469 0.0054 893
1685350346536 0.0616 894
1685350346602 0.0065 895
1685350346667 0.0032 896
1685350346732 0.0019 897
1685350346798 0.0018 898
1685350346863 0.0062 899
1685350346929 0.0072 900
1685350346994 0.0264 901
1685350347059 0.0062 902
1685350347127 0.0025 903
1685350347193 0.0043 904
1685350347258 0.0017 905
1685350347324 0.0195 906
1685350347391 1.509 907
1685350347458 0.0037 908
1685350347523 0.0035 909
1685350347590 1.9372 910
1685350347656 0.0021 911
1685350347723 0.0332 912
1685350347788 0.0038 913
1685350347855 0.0089 914
1685350347925 0.0131 915
1685350347991 0.0027 916
1685350348057 0.0023 917
1685350348123 0.0023 918
1685350348188 0.0112 919
1685350348253 0.0016 920
1685350348319 0.0037 921
1685350348386 0.0039 922
1685350348451 0.0016 923
1685350348520 0.0811 924
1685350348586 0.002 925
1685350348653 2.2361 926
1685350348719 0.003 927
1685350348783 0.0025 928
1685350348851 0.0508 929
1685350348917 0.0038 930
1685350348983 0.0042 931
1685350349049 0.4401 932
1685350349115 0.0123 933
1685350349180 0.0022 934
1685350349245 0.0022 935
1685350349309 0.002 936
1685350349374 0.0015 937
1685350349440 0.0017 938
1685350349505 0.0172 939
1685350349570 0.0026 940
1685350349635 0.0067 941
1685350349701 0.0015 942
1685350349772 0.7143 943
1685350349844 0.0016 944
1685350349917 3.2988 945
1685350349983 0.006 946
1685350350050 0.0033 947
1685350350116 0.0021 948
1685350350185 0.0055 949
1685350350253 0.0049 950
1685350350319 0.002 951
1685350350386 0.0032 952
1685350350457 0.0029 953
1685350350527 0.7656 954
1685350350594 0.0026 955
1685350350659 0.0016 956
1685350350730 0.0044 957
1685350350794 0.0046 958
1685350350862 0.0051 959
1685350350930 1.0682 960
1685350350996 0.0028 961
1685350351065 0.0129 962
1685350351132 0.0333 963
1685350351197 0.0039 964
1685350351262 0.0025 965
1685350351328 0.0016 966
1685350351397 0.005 967
1685350351461 0.0024 968
1685350351527 0.0026 969
1685350351596 0.0041 970
1685350351662 0.0033 971
1685350351729 0.0046 972
1685350351795 0.0016 973
1685350351862 0.0026 974
1685350351929 0.0014 975
1685350351994 0.0057 976
1685350352062 0.002 977
1685350352130 0.0205 978
1685350352199 0.0309 979
1685350352269 0.0904 980
1685350352339 0.0026 981
1685350352409 0.0024 982
1685350352477 0.002 983
1685350352546 0.2266 984
1685350352612 0.0039 985
1685350352678 0.0023 986
1685350352746 0.004 987
1685350352811 0.0011 988
1685350352879 0.0042 989
1685350352944 0.0029 990
1685350353011 0.0022 991
1685350353077 0.0018 992
1685350353144 2.131 993
1685350353214 0.0402 994
1685350353285 0.0043 995
1685350353356 0.0034 996
1685350353429 0.0041 997
1685350353500 0.0019 998
1685350353574 0.9291 999
1685350353629 0.0024 1000
1685350359565 0.0155 1001
1685350359640 0.1082 1002
1685350359712 0.04 1003
1685350359782 0.0024 1004
1685350359850 0.0018 1005
1685350359920 0.0045 1006
1685350359986 0.0052 1007
1685350360055 0.0024 1008
1685350360122 0.0023 1009
1685350360190 1.61 1010
1685350360257 0.0097 1011
1685350360322 0.0022 1012
1685350360389 0.0733 1013
1685350360457 0.0517 1014
1685350360522 0.004 1015
1685350360588 0.004 1016
1685350360653 0.0025 1017
1685350360720 0.0238 1018
1685350360786 0.0011 1019
1685350360854 0.003 1020
1685350360924 0.0013 1021
1685350360991 0.0015 1022
1685350361057 0.0053 1023
1685350361124 0.0025 1024
1685350361192 0.0137 1025
1685350361258 0.0014 1026
1685350361325 0.6251 1027
1685350361391 0.0018 1028
1685350361460 0.0074 1029
1685350361525 0.0025 1030
1685350361594 0.0086 1031
1685350361660 0.0015 1032
1685350361726 0.0348 1033
1685350361792 0.0018 1034
1685350361858 0.0018 1035
1685350361926 0.0039 1036
1685350361993 0.002 1037
1685350362062 0.003 1038
1685350362129 0.0021 1039
1685350362194 0.0176 1040
1685350362262 0.0026 1041
1685350362329 0.0107 1042
1685350362425 0.0018 1043
1685350362491 0.0025 1044
1685350362558 0.0034 1045
1685350362626 0.0017 1046
1685350362696 0.0015 1047
1685350362763 0.0023 1048
1685350362831 0.0022 1049
1685350362897 0.0011 1050
1685350362964 0.0016 1051
1685350363031 0.0021 1052
1685350363099 0.0021 1053
1685350363166 1.1576 1054
1685350363233 0.0237 1055
1685350363301 0.0038 1056
1685350363368 0.0018 1057
1685350363436 0.001 1058
1685350363503 0.0015 1059
1685350363570 0.0019 1060
1685350363637 0.001 1061
1685350363705 0.0019 1062
1685350363774 0.0021 1063
1685350363842 0.0022 1064
1685350363908 0.0014 1065
1685350363972 0.0015 1066
1685350364039 0.003 1067
1685350364105 0.0016 1068
1685350364170 0.0019 1069
1685350364236 0.0075 1070
1685350364303 0.0067 1071
1685350364369 0.0037 1072
1685350364440 0.0018 1073
1685350364509 0.001 1074
1685350364581 0.6608 1075
1685350364648 0.393 1076
1685350364713 0.0025 1077
1685350364779 0.0011 1078
1685350364845 0.0017 1079
1685350364912 0.002 1080
1685350364978 0.0047 1081
1685350365042 0.0013 1082
1685350365107 0.0021 1083
1685350365172 0.0045 1084
1685350365237 0.0015 1085
1685350365303 0.0017 1086
1685350365368 0.0017 1087
1685350365434 0.0027 1088
1685350365501 0.0035 1089
1685350365571 0.0016 1090
1685350365640 0.0014 1091
1685350365706 0.0014 1092
1685350365771 0.0011 1093
1685350365837 0.0013 1094
1685350365904 0.0017 1095
1685350365972 0.0139 1096
1685350366038 0.0014 1097
1685350366105 0.0013 1098
1685350366170 0.0014 1099
1685350366235 0.0053 1100
1685350366301 0.0216 1101
1685350366367 0.0017 1102
1685350366435 0.016 1103
1685350366503 0.2398 1104
1685350366571 0.0012 1105
1685350366637 0.0019 1106
1685350366702 0.0016 1107
1685350366767 0.0279 1108
1685350366833 0.002 1109
1685350366901 0.0043 1110
1685350366967 0.0013 1111
1685350367033 0.1929 1112
1685350367099 0.0011 1113
1685350367165 0.0011 1114
1685350367232 0.0011 1115
1685350367298 0.0013 1116
1685350367364 0.0009 1117
1685350367432 0.0014 1118
1685350367501 0.0012 1119
1685350367569 0.0016 1120
1685350367638 0.0033 1121
1685350367703 0.0024 1122
1685350367768 0.0039 1123
1685350367833 0.0023 1124
1685350367899 0.0015 1125
1685350367965 0.0447 1126
1685350368031 0.0013 1127
1685350368097 0.0015 1128
1685350368163 0.0017 1129
1685350368229 0.0022 1130
1685350368295 0.0012 1131
1685350368362 0.0016 1132
1685350368430 0.0009 1133
1685350368498 0.0026 1134
1685350368568 0.0019 1135
1685350368635 0.0098 1136
1685350368705 0.0012 1137
1685350368774 0.0009 1138
1685350368845 0.0014 1139
1685350368982 0.0018 1140
1685350369049 0.0009 1141
1685350369115 0.0011 1142
1685350369183 0.0017 1143
1685350369248 0.0012 1144
1685350369316 0.7326 1145
1685350369382 0.0019 1146
1685350369448 0.0013 1147
1685350369517 0.0018 1148
1685350369584 0.0018 1149
1685350369651 0.003 1150
1685350369717 0.0017 1151
1685350369784 0.0011 1152
1685350369853 0.0205 1153
1685350369919 0.0027 1154
1685350369991 1.2756 1155
1685350370059 0.001 1156
1685350370130 0.012 1157
1685350370197 0.0035 1158
1685350370266 0.001 1159
1685350370332 0.0022 1160
1685350370398 0.0015 1161
1685350370469 1.4847 1162
1685350370537 0.0016 1163
1685350370608 0.0239 1164
1685350370680 3.5874 1165
1685350370746 0.0015 1166
1685350370813 0.001 1167
1685350370879 0.0101 1168
1685350370944 0.0014 1169
1685350371011 0.0025 1170
1685350371077 3.1813 1171
1685350371143 0.002 1172
1685350371208 0.0016 1173
1685350371274 0.0017 1174
1685350371341 0.0518 1175
1685350371407 0.0024 1176
1685350371475 0.0011 1177
1685350371542 0.0757 1178
1685350371611 0.0153 1179
1685350371678 0.0027 1180
1685350371745 0.0021 1181
1685350371810 0.0008 1182
1685350371877 0.2494 1183
1685350371943 0.0065 1184
1685350372011 0.0117 1185
1685350372078 0.002 1186
1685350372147 0.0231 1187
1685350372214 0.0017 1188
1685350372283 0.053 1189
1685350372350 0.003 1190
1685350372416 0.002 1191
1685350372483 3.8154 1192
1685350372553 0.0021 1193
1685350372619 0.0012 1194
1685350372685 0.0017 1195
1685350372752 0.0035 1196
1685350372819 0.0016 1197
1685350372886 0.0076 1198
1685350372952 0.0013 1199
1685350373022 0.0046 1200
1685350373088 0.0074 1201
1685350373153 0.0033 1202
1685350373220 0.0377 1203
1685350373286 0.0018 1204
1685350373352 0.0034 1205
1685350373418 0.0018 1206
1685350373484 0.001 1207
1685350373550 0.0012 1208
1685350373617 0.0046 1209
1685350373685 0.0014 1210
1685350373751 0.0011 1211
1685350373817 0.0021 1212
1685350373882 0.0033 1213
1685350373949 0.0023 1214
1685350374014 0.0086 1215
1685350374080 0.0044 1216
1685350374146 0.0014 1217
1685350374214 0.0023 1218
1685350374281 0.0023 1219
1685350374349 0.002 1220
1685350374415 0.0017 1221
1685350374483 0.0018 1222
1685350374551 0.0015 1223
1685350374617 0.0026 1224
1685350374684 0.0015 1225
1685350374752 0.0011 1226
1685350374818 0.0016 1227
1685350374888 0.0348 1228
1685350374955 0.0009 1229
1685350375024 3.6946 1230
1685350375093 0.001 1231
1685350375162 0.0012 1232
1685350375231 1.9733 1233
1685350375298 0.0012 1234
1685350375366 0.0016 1235
1685350375435 0.001 1236
1685350375506 0.0022 1237
1685350375577 0.0033 1238
1685350375649 0.0011 1239
1685350375717 0.0016 1240
1685350375789 0.5252 1241
1685350375857 0.0019 1242
1685350375923 0.0011 1243
1685350375988 0.0011 1244
1685350376054 0.0043 1245
1685350376119 0.0159 1246
1685350376184 0.0021 1247
1685350376250 0.0102 1248
1685350376316 0.0018 1249
1685350376367 0.0033 1250
1685350384413 0.0016 1251
1685350384488 0.0018 1252
1685350384559 0.0013 1253
1685350384630 0.002 1254
1685350384697 0.0043 1255
1685350384764 0.0011 1256
1685350384829 0.0025 1257
1685350384895 0.0021 1258
1685350384962 0.2086 1259
1685350385027 0.0011 1260
1685350385092 0.0027 1261
1685350385159 0.0009 1262
1685350385225 0.0036 1263
1685350385294 0.0031 1264
1685350385360 0.0013 1265
1685350385428 1.3119 1266
1685350385497 0.0015 1267
1685350385563 0.0011 1268
1685350385632 0.0021 1269
1685350385700 0.927 1270
1685350385767 0.0149 1271
1685350385833 0.0015 1272
1685350385900 0.0018 1273
1685350385968 0.0029 1274
1685350386036 0.0011 1275
1685350386101 0.0231 1276
1685350386167 0.0015 1277
1685350386232 0.0011 1278
1685350386297 0.0017 1279
1685350386363 0.0011 1280
1685350386430 0.0013 1281
1685350386495 0.0011 1282
1685350386563 0.0073 1283
1685350386630 0.001 1284
1685350386697 0.0149 1285
1685350386764 0.0017 1286
1685350386829 0.0017 1287
1685350386894 0.0044 1288
1685350386962 0.6871 1289
1685350387029 0.0015 1290
1685350387095 0.0017 1291
1685350387161 0.0011 1292
1685350387227 0.0012 1293
1685350387294 0.2071 1294
1685350387361 0.0019 1295
1685350387427 0.0008 1296
1685350387492 0.0062 1297
1685350387561 0.0108 1298
1685350387628 0.006 1299
1685350387695 0.0013 1300
1685350387761 0.0017 1301
1685350387826 0.0107 1302
1685350387891 0.004 1303
1685350387956 0.0015 1304
1685350388024 0.0009 1305
1685350388092 0.0008 1306
1685350388166 0.0024 1307
1685350388234 0.0013 1308
1685350388300 0.0046 1309
1685350388366 0.0012 1310
1685350388432 0.0012 1311
1685350388501 0.0011 1312
1685350388572 0.0022 1313
1685350388638 0.1437 1314
1685350388704 0.0045 1315
1685350388769 0.0016 1316
1685350388835 0.0009 1317
1685350388901 0.0016 1318
1685350388966 0.0019 1319
1685350389031 0.0011 1320
1685350389098 0.002 1321
1685350389165 0.0158 1322
1685350389232 0.0013 1323
1685350389298 0.0018 1324
1685350389365 0.0015 1325
1685350389431 0.0015 1326
1685350389499 0.0011 1327
1685350389565 0.0011 1328
1685350389634 0.0009 1329
1685350389700 0.0027 1330
1685350389766 0.0027 1331
1685350389835 0.0013 1332
1685350389908 0.0039 1333
1685350389978 0.0011 1334
1685350390049 0.1049 1335
1685350390117 0.001 1336
1685350390184 0.0044 1337
1685350390249 0.003 1338
1685350390317 0.0011 1339
1685350390384 0.0052 1340
1685350390453 0.0011 1341
1685350390522 0.0008 1342
1685350390588 0.0008 1343
1685350390655 0.001 1344
1685350390732 0.0017 1345
1685350390800 1.2037 1346
1685350390866 0.001 1347
1685350390931 0.0067 1348
1685350390996 0.0009 1349
1685350391060 0.0007 1350
1685350391125 0.0013 1351
1685350391191 0.0013 1352
1685350391257 0.001 1353
1685350391323 0.0037 1354
1685350391389 0.0013 1355
1685350391457 0.0012 1356
1685350391525 0.0015 1357
1685350391594 0.0013 1358
1685350391662 0.0022 1359
1685350391733 0.0016 1360
1685350391806 0.0011 1361
1685350391873 0.0026 1362
1685350391944 0.0016 1363
1685350392010 0.001 1364
1685350392076 0.001 1365
1685350392143 0.0021 1366
1685350392208 0.0009 1367
1685350392278 0.0008 1368
1685350392349 0.0008 1369
1685350392419 0.0016 1370
1685350392492 0.0023 1371
1685350392560 0.0046 1372
1685350392626 0.0013 1373
1685350392692 0.001 1374
1685350392758 0.001 1375
1685350392824 0.0011 1376
1685350392891 0.0011 1377
1685350392957 0.0014 1378
1685350393024 0.076 1379
1685350393089 0.0015 1380
1685350393154 0.0009 1381
1685350393220 0.0013 1382
1685350393284 0.0007 1383
1685350393350 0.0016 1384
1685350393416 2.0723 1385
1685350393482 0.0006 1386
1685350393547 0.0011 1387
1685350393613 0.0015 1388
1685350393680 0.0009 1389
1685350393745 0.0008 1390
1685350393811 0.0031 1391
1685350393876 0.0015 1392
1685350393993 0.0006 1393
1685350394058 0.0011 1394
1685350394123 0.0007 1395
1685350394189 0.0005 1396
1685350394257 0.0014 1397
1685350394323 0.0007 1398
1685350394388 0.0008 1399
1685350394456 0.0007 1400
1685350394522 0.0008 1401
1685350394588 0.0006 1402
1685350394654 0.3195 1403
1685350394720 0.3176 1404
1685350394786 0.0008 1405
1685350394851 0.0024 1406
1685350394919 0.0018 1407
1685350394985 0.0118 1408
1685350395051 0.0018 1409
1685350395116 0.0032 1410
1685350395184 0.0004 1411
1685350395249 0.0008 1412
1685350395317 0.0049 1413
1685350395383 0.0013 1414
1685350395449 0.0613 1415
1685350395515 0.0026 1416
1685350395582 0.0051 1417
1685350395648 0.0008 1418
1685350395717 0.0018 1419
1685350395784 0.0173 1420
1685350395850 0.0008 1421
1685350395916 0.0081 1422
1685350395981 0.0011 1423
1685350396046 0.0022 1424
1685350396114 0.0333 1425
1685350396181 0.0712 1426
1685350396250 0.2546 1427
1685350396317 0.0004 1428
1685350396382 0.0005 1429
1685350396451 0.0039 1430
1685350396518 0.0299 1431
1685350396585 0.0006 1432
1685350396649 0.0012 1433
1685350396715 0.0008 1434
1685350396787 0.0013 1435
1685350396853 0.0014 1436
1685350396922 0.0072 1437
1685350396988 0.0019 1438
1685350397061 4.2865 1439
1685350397129 0.0018 1440
1685350397200 0.001 1441
1685350397269 0.0011 1442
1685350397342 0.001 1443
1685350397410 0.482 1444
1685350397481 0.0046 1445
1685350397549 0.001 1446
1685350397620 0.0022 1447
1685350397687 0.0024 1448
1685350397755 0.0011 1449
1685350397824 0.0011 1450
1685350397891 0.0007 1451
1685350397957 0.0013 1452
1685350398026 0.0008 1453
1685350398093 0.0022 1454
1685350398162 0.001 1455
1685350398227 0.0011 1456
1685350398293 0.0008 1457
1685350398363 0.0007 1458
1685350398435 0.0009 1459
1685350398504 0.0007 1460
1685350398575 0.0014 1461
1685350398644 0.0022 1462
1685350398718 0.0011 1463
1685350398785 0.0014 1464
1685350398857 0.0012 1465
1685350398925 0.0009 1466
1685350398995 0.0009 1467
1685350399063 0.001 1468
1685350399132 0.0379 1469
1685350399198 0.001 1470
1685350399264 0.0006 1471
1685350399331 0.0011 1472
1685350399398 0.0313 1473
1685350399464 0.0019 1474
1685350399531 0.0011 1475
1685350399596 0.001 1476
1685350399662 0.0043 1477
1685350399732 0.0016 1478
1685350399799 0.0008 1479
1685350399866 0.002 1480
1685350399934 0.01 1481
1685350399999 0.0005 1482
1685350400067 0.0012 1483
1685350400133 0.0009 1484
1685350400199 0.0014 1485
1685350400266 0.0008 1486
1685350400333 0.0021 1487
1685350400401 0.0144 1488
1685350400471 0.0006 1489
1685350400537 0.0007 1490
1685350400602 0.0008 1491
1685350400668 0.0006 1492
1685350400733 0.0057 1493
1685350400799 0.0009 1494
1685350400865 0.0016 1495
1685350400930 0.0021 1496
1685350400997 0.0006 1497
1685350401063 0.002 1498
1685350401130 0.0009 1499
1685350401182 0.0005 1500
1685350408358 0.0011 1501
1685350408429 0.0009 1502
1685350408495 0.0007 1503
1685350408566 0.0014 1504
1685350408631 0.0011 1505
1685350408696 0.024 1506
1685350408761 0.0016 1507
1685350408827 0.0006 1508
1685350408899 0.0007 1509
1685350408965 0.0013 1510
1685350409030 0.0109 1511
1685350409095 0.0007 1512
1685350409160 0.0014 1513
1685350409227 0.0459 1514
1685350409292 0.0012 1515
1685350409358 0.0006 1516
1685350409425 0.0015 1517
1685350409491 0.0015 1518
1685350409557 0.0006 1519
1685350409623 0.0006 1520
1685350409689 0.0013 1521
1685350409754 0.001 1522
1685350409819 0.0009 1523
1685350409885 0.0011 1524
1685350409956 0.0006 1525
1685350410022 0.0008 1526
1685350410088 0.0008 1527
1685350410154 3.2185 1528
1685350410219 0.0006 1529
1685350410286 0.0021 1530
1685350410351 0.0011 1531
1685350410417 0.0017 1532
1685350410485 0.5936 1533
1685350410551 0.005 1534
1685350410616 0.002 1535
1685350410682 0.0008 1536
1685350410747 0.0024 1537
1685350410814 0.0008 1538
1685350410883 0.0014 1539
1685350410951 0.0465 1540
1685350411018 0.0011 1541
1685350411084 3.3206 1542
1685350411150 0.0013 1543
1685350411214 0.0009 1544
1685350411281 0.0008 1545
1685350411346 0.0013 1546
1685350411411 0.0011 1547
1685350411478 0.0319 1548
1685350411544 0.0016 1549
1685350411611 0.0008 1550
1685350411678 0.0547 1551
1685350411742 0.0009 1552
1685350411807 0.001 1553
1685350411872 0.0012 1554
1685350411938 0.0007 1555
1685350412003 0.0014 1556
1685350412070 0.001 1557
1685350412136 0.0019 1558
1685350412203 0.0042 1559
1685350412267 0.0009 1560
1685350412332 0.001 1561
1685350412401 0.0011 1562
1685350412469 0.0007 1563
1685350412535 0.016 1564
1685350412601 0.0009 1565
1685350412666 0.0021 1566
1685350412731 0.0023 1567
1685350412795 0.0007 1568
1685350412865 0.0084 1569
1685350412931 0.0016 1570
1685350412997 0.0048 1571
1685350413064 0.0019 1572
1685350413130 0.001 1573
1685350413195 0.0016 1574
1685350413267 0.0017 1575
1685350413333 0.0009 1576
1685350413399 0.0009 1577
1685350413467 0.0013 1578
1685350413532 0.0015 1579
1685350413601 0.0006 1580
1685350413667 0.0014 1581
1685350413732 0.001 1582
1685350413797 0.0007 1583
1685350413863 0.001 1584
1685350413928 0.0031 1585
1685350413994 0.0016 1586
1685350414058 0.0029 1587
1685350414123 0.0006 1588
1685350414188 0.0011 1589
1685350414255 0.0009 1590
1685350414323 0.0122 1591
1685350414389 0.0008 1592
1685350414458 0.0516 1593
1685350414527 0.0006 1594
1685350414598 0.0011 1595
1685350414666 0.0127 1596
1685350414732 0.0007 1597
1685350414799 0.0006 1598
1685350414866 0.0029 1599
1685350414932 0.0031 1600
1685350414996 0.0007 1601
1685350415061 0.0026 1602
1685350415126 0.0027 1603
1685350415193 0.0012 1604
1685350415263 0.0006 1605
1685350415329 0.0012 1606
1685350415394 0.0041 1607
1685350415459 0.0008 1608
1685350415523 0.0007 1609
1685350415590 0.0008 1610
1685350415654 0.0007 1611
1685350415720 0.001 1612
1685350415786 0.0014 1613
1685350415851 0.001 1614
1685350415917 0.0016 1615
1685350415984 0.0007 1616
1685350416049 0.0019 1617
1685350416115 0.001 1618
1685350416182 0.0009 1619
1685350416246 0.0012 1620
1685350416313 0.0007 1621
1685350416380 0.0005 1622
1685350416445 0.0007 1623
1685350416512 0.0015 1624
1685350416579 0.0007 1625
1685350416644 0.0008 1626
1685350416710 0.0012 1627
1685350416774 0.0025 1628
1685350416841 0.001 1629
1685350416912 0.0064 1630
1685350416977 0.0007 1631
1685350417042 0.0024 1632
1685350417108 0.0005 1633
1685350417174 0.0005 1634
1685350417240 0.0004 1635
1685350417306 0.0005 1636
1685350417371 0.0038 1637
1685350417438 0.0009 1638
1685350417503 0.0019 1639
1685350417568 0.0055 1640
1685350417633 0.0244 1641
1685350417698 0.0008 1642
1685350417763 0.0006 1643
1685350417829 0.0088 1644
1685350417894 0.0007 1645
1685350417960 0.0005 1646
1685350418024 0.001 1647
1685350418090 0.0007 1648
1685350418154 0.0094 1649
1685350418220 0.0005 1650
1685350418288 0.0058 1651
1685350418356 0.0006 1652
1685350418422 0.0005 1653
1685350418487 0.0107 1654
1685350418553 0.0006 1655
1685350418619 0.0019 1656
1685350418685 0.0194 1657
1685350418751 3.8302 1658
1685350418817 0.001 1659
1685350418886 0.0007 1660
1685350418951 0.0012 1661
1685350419019 0.0013 1662
1685350419085 0.001 1663
1685350419151 0.001 1664
1685350419217 0.0004 1665
1685350419282 0.0005 1666
1685350419346 0.0012 1667
1685350419411 0.0007 1668
1685350419478 0.0014 1669
1685350419543 0.0034 1670
1685350419608 0.0004 1671
1685350419672 0.0008 1672
1685350419739 0.0007 1673
1685350419806 0.0014 1674
1685350419872 0.0025 1675
1685350419937 0.0006 1676
1685350420008 0.0008 1677
1685350420075 0.0009 1678
1685350420141 0.0082 1679
1685350420208 0.0005 1680
1685350420276 0.0177 1681
1685350420343 0.0006 1682
1685350420410 0.0224 1683
1685350420476 0.0003 1684
1685350420543 0.0005 1685
1685350420607 0.0022 1686
1685350420672 0.0008 1687
1685350420736 0.0007 1688
1685350420802 0.0006 1689
1685350420867 0.0027 1690
1685350420932 0.0004 1691
1685350420997 0.0013 1692
1685350421062 0.0014 1693
1685350421127 0.0009 1694
1685350421193 0.0288 1695
1685350421258 0.0006 1696
1685350421324 0.0004 1697
1685350421390 0.0007 1698
1685350421455 0.0045 1699
1685350421523 0.0009 1700
1685350421597 0.0006 1701
1685350421664 0.0009 1702
1685350421732 0.0013 1703
1685350421798 0.001 1704
1685350421865 0.0006 1705
1685350421930 0.0057 1706
1685350421999 0.0008 1707
1685350422066 0.0006 1708
1685350422133 0.0006 1709
1685350422199 0.0007 1710
1685350422267 0.0005 1711
1685350422333 0.0085 1712
1685350422428 0.001 1713
1685350422495 0.0006 1714
1685350422565 0.0038 1715
1685350422632 0.001 1716
1685350422698 0.0014 1717
1685350422764 0.0096 1718
1685350422829 0.0029 1719
1685350422895 0.0007 1720
1685350422960 0.0014 1721
1685350423024 0.0009 1722
1685350423090 0.0006 1723
1685350423159 0.0008 1724
1685350423226 0.0011 1725
1685350423292 0.0006 1726
1685350423358 0.0005 1727
1685350423424 0.0007 1728
1685350423492 0.0005 1729
1685350423557 0.0008 1730
1685350423624 0.0005 1731
1685350423688 0.0036 1732
1685350423754 0.0012 1733
1685350423820 0.0009 1734
1685350423885 0.0007 1735
1685350423951 0.0032 1736
1685350424017 0.0007 1737
1685350424081 0.0005 1738
1685350424146 0.0005 1739
1685350424212 0.0012 1740
1685350424278 0.0003 1741
1685350424346 0.5786 1742
1685350424411 0.001 1743
1685350424477 0.0007 1744
1685350424544 0.0004 1745
1685350424609 0.0015 1746
1685350424674 0.0012 1747
1685350424740 0.0011 1748
1685350424806 0.0017 1749
1685350424858 0.0004 1750
1685350431620 0.0222 1751
1685350431696 0.0094 1752
1685350431763 0.0008 1753
1685350431831 0.0006 1754
1685350431898 0.0008 1755
1685350431968 0.003 1756
1685350432036 0.0006 1757
1685350432107 0.0009 1758
1685350432177 0.0013 1759
1685350432243 0.0008 1760
1685350432309 0.0015 1761
1685350432376 0.0008 1762
1685350432442 0.0033 1763
1685350432513 0.0006 1764
1685350432584 0.0014 1765
1685350432650 0.0007 1766
1685350432722 0.0004 1767
1685350432790 0.0008 1768
1685350432860 0.0006 1769
1685350432927 0.0007 1770
1685350432995 0.0013 1771
1685350433062 0.0038 1772
1685350433126 0.0005 1773
1685350433191 0.0019 1774
1685350433256 0.0007 1775
1685350433323 0.0009 1776
1685350433388 0.0022 1777
1685350433455 0.0025 1778
1685350433522 0.003 1779
1685350433588 0.0159 1780
1685350433655 0.0122 1781
1685350433719 0.0006 1782
1685350433790 0.001 1783
1685350433858 0.0008 1784
1685350433927 0.0011 1785
1685350433994 0.0008 1786
1685350434061 0.0005 1787
1685350434127 0.0006 1788
1685350434193 0.0009 1789
1685350434261 0.0006 1790
1685350434330 0.0021 1791
1685350434396 0.0004 1792
1685350434462 0.0032 1793
1685350434528 0.0007 1794
1685350434595 0.0007 1795
1685350434660 0.0005 1796
1685350434727 0.0019 1797
1685350434793 0.0004 1798
1685350434863 0.0006 1799
1685350434929 0.0004 1800
1685350434995 0.0082 1801
1685350435061 0.0004 1802
1685350435127 0.0006 1803
1685350435194 0.0011 1804
1685350435259 0.0004 1805
1685350435326 0.0005 1806
1685350435394 0.0005 1807
1685350435461 0.0108 1808
1685350435529 0.0011 1809
1685350435597 0.0007 1810
1685350435664 1.4298 1811
1685350435729 0.0007 1812
1685350435794 0.0008 1813
1685350435860 0.0029 1814
1685350435925 0.0008 1815
1685350435990 0.0035 1816
1685350436057 0.001 1817
1685350436123 0.0047 1818
1685350436188 0.0006 1819
1685350436254 0.0005 1820
1685350436321 0.0009 1821
1685350436388 0.0088 1822
1685350436454 0.0005 1823
1685350436520 0.0005 1824
1685350436586 0.0008 1825
1685350436653 0.0006 1826
1685350436719 0.0012 1827
1685350436787 0.0139 1828
1685350436854 0.0013 1829
1685350436920 0.0007 1830
1685350436986 0.0022 1831
1685350437051 0.0005 1832
1685350437117 0.0006 1833
1685350437183 0.0004 1834
1685350437251 0.0005 1835
1685350437317 0.0009 1836
1685350437383 0.0004 1837
1685350437451 0.0004 1838
1685350437517 0.0007 1839
1685350437583 0.0007 1840
1685350437653 0.0006 1841
1685350437719 0.0003 1842
1685350437785 0.0004 1843
1685350437850 0.0004 1844
1685350437917 0.0004 1845
1685350437983 0.0026 1846
1685350438049 0.0007 1847
1685350438114 0.0007 1848
1685350438179 0.0008 1849
1685350438244 0.0009 1850
1685350438309 0.0005 1851
1685350438380 0.0015 1852
1685350438446 0.001 1853
1685350438512 0.0017 1854
1685350438578 0.0006 1855
1685350438644 0.0017 1856
1685350438710 0.0007 1857
1685350438778 0.0103 1858
1685350438849 0.0047 1859
1685350438916 0.0005 1860
1685350438982 0.0018 1861
1685350439050 0.0004 1862
1685350439117 0.0007 1863
1685350439182 0.0009 1864
1685350439246 0.0007 1865
1685350439312 0.0003 1866
1685350439377 0.0006 1867
1685350439443 0.0008 1868
1685350439509 0.0026 1869
1685350439574 0.0047 1870
1685350439643 0.0006 1871
1685350439711 0.0046 1872
1685350439777 0.0007 1873
1685350439842 0.0006 1874
1685350439908 0.0007 1875
1685350439974 0.0003 1876
1685350440040 0.0005 1877
1685350440107 0.0006 1878
1685350440174 0.0029 1879
1685350440239 0.0005 1880
1685350440307 0.0048 1881
1685350440371 0.0005 1882
1685350440438 0.0007 1883
1685350440506 0.0003 1884
1685350440572 0.0008 1885
1685350440640 0.0005 1886
1685350440707 0.0008 1887
1685350440773 0.0007 1888
1685350440839 0.0005 1889
1685350440906 0.0005 1890
1685350440973 0.001 1891
1685350441040 0.0013 1892
1685350441113 0.0006 1893
1685350441181 0.0004 1894
1685350441254 0.0006 1895
1685350441326 0.0003 1896
1685350441399 0.0016 1897
1685350441468 0.0004 1898
1685350441538 0.0012 1899
1685350441614 0.0006 1900
1685350441698 0.0004 1901
1685350441775 0.0009 1902
1685350441852 0.0007 1903
1685350441924 0.0015 1904
1685350441993 0.0004 1905
1685350442063 0.0004 1906
1685350442134 0.0012 1907
1685350442204 0.0008 1908
1685350442273 0.0088 1909
1685350442341 0.0007 1910
1685350442411 0.0004 1911
1685350442483 0.0008 1912
1685350442553 0.0009 1913
1685350442626 0.0026 1914
1685350442696 0.0011 1915
1685350442774 0.0003 1916
1685350442848 0.0006 1917
1685350442918 0.0024 1918
1685350442989 0.0006 1919
1685350443065 0.0005 1920
1685350443139 0.0032 1921
1685350443210 0.0005 1922
1685350443280 0.006 1923
1685350443357 0.0005 1924
1685350443431 0.0015 1925
1685350443507 0.0005 1926
1685350443580 0.217 1927
1685350443655 0.0004 1928
1685350443727 0.0013 1929
1685350443798 0.0005 1930
1685350443890 0.0004 1931
1685350443993 0.0006 1932
1685350444063 0.0004 1933
1685350444129 0.0006 1934
1685350444195 0.0005 1935
1685350444262 0.0004 1936
1685350444331 0.0009 1937
1685350444401 3.9977 1938
1685350444470 0.0004 1939
1685350444538 0.0006 1940
1685350444606 0.0003 1941
1685350444671 0.0019 1942
1685350444736 0.0004 1943
1685350444802 0.0005 1944
1685350444869 0.0014 1945
1685350444935 0.0005 1946
1685350445001 0.0029 1947
1685350445067 0.0005 1948
1685350445132 0.0009 1949
1685350445198 0.001 1950
1685350445264 0.0019 1951
1685350445332 0.0005 1952
1685350445398 0.0004 1953
1685350445464 0.0008 1954
1685350445531 0.0022 1955
1685350445597 0.0013 1956
1685350445664 0.0008 1957
1685350445732 0.0006 1958
1685350445799 0.0004 1959
1685350445865 0.0009 1960
1685350445930 0.0005 1961
1685350445995 0.0005 1962
1685350446062 0.0005 1963
1685350446128 3.7513 1964
1685350446194 0.0033 1965
1685350446260 0.0004 1966
1685350446326 0.0007 1967
1685350446391 0.0011 1968
1685350446455 0.0005 1969
1685350446521 0.0005 1970
1685350446591 0.0011 1971
1685350446656 0.0004 1972
1685350446721 0.0005 1973
1685350446786 0.0006 1974
1685350446853 0.002 1975
1685350446918 0.0004 1976
1685350446982 0.0005 1977
1685350447047 0.001 1978
1685350447112 0.0004 1979
1685350447180 0.0022 1980
1685350447246 0.0004 1981
1685350447312 0.0014 1982
1685350447378 0.0008 1983
1685350447443 0.0025 1984
1685350447508 0.0006 1985
1685350447573 0.0013 1986
1685350447639 0.0006 1987
1685350447704 0.0007 1988
1685350447770 0.0005 1989
1685350447835 0.0005 1990
1685350447902 0.0048 1991
1685350447966 0.0011 1992
1685350448034 0.0004 1993
1685350448099 0.0181 1994
1685350448164 0.008 1995
1685350448229 0.001 1996
1685350448295 0.0014 1997
1685350448362 0.0008 1998
1685350448428 0.0007 1999
1685350448480 0.0023 2000
1685350457674 0.0006 2001
1685350457743 0.0017 2002
1685350457810 0.001 2003
1685350457878 0.0006 2004
1685350457942 0.0005 2005
1685350458006 0.0003 2006
1685350458071 0.0004 2007
1685350458136 0.0008 2008
1685350458200 0.0023 2009
1685350458264 0.0007 2010
1685350458333 0.0046 2011
1685350458398 0.001 2012
1685350458463 0.0005 2013
1685350458530 0.0024 2014
1685350458597 0.0056 2015
1685350458662 0.0008 2016
1685350458727 0.0004 2017
1685350458792 0.0004 2018
1685350458857 0.0006 2019
1685350458921 0.0007 2020
1685350458987 0.2252 2021
1685350459051 0.0005 2022
1685350459117 0.0008 2023
1685350459182 0.0006 2024
1685350459246 0.0015 2025
1685350459312 0.0015 2026
1685350459378 0.0009 2027
1685350459443 0.0005 2028
1685350459509 0.0006 2029
1685350459573 0.0002 2030
1685350459643 0.061 2031
1685350459709 0.0009 2032
1685350459774 0.0004 2033
1685350459840 0.0104 2034
1685350459905 0.0006 2035
1685350459969 0.0007 2036
1685350460034 0.0021 2037
1685350460101 0.0006 2038
1685350460166 0.0003 2039
1685350460231 0.0005 2040
1685350460296 0.0002 2041
1685350460363 0.0004 2042
1685350460431 0.0004 2043
1685350460497 0.0004 2044
1685350460563 0.0004 2045
1685350460628 0.0004 2046
1685350460693 0.0008 2047
1685350460760 0.0005 2048
1685350460830 0.0004 2049
1685350460895 0.0007 2050
1685350460960 0.0007 2051
1685350461027 0.0013 2052
1685350461094 0.0023 2053
1685350461160 0.0005 2054
1685350461225 0.0005 2055
1685350461291 0.0006 2056
1685350461356 0.0004 2057
1685350461422 0.001 2058
1685350461487 0.0005 2059
1685350461552 0.0019 2060
1685350461620 0.0003 2061
1685350461691 0.0434 2062
1685350461758 0.0011 2063
1685350461824 0.0003 2064
1685350461890 0.0015 2065
1685350461961 0.0006 2066
1685350462032 0.0006 2067
1685350462100 0.0007 2068
1685350462165 0.0005 2069
1685350462229 0.0007 2070
1685350462297 0.0004 2071
1685350462362 0.0003 2072
1685350462430 0.0007 2073
1685350462499 0.0007 2074
1685350462567 0.0005 2075
1685350462633 0.0007 2076
1685350462700 0.0121 2077
1685350462769 0.0007 2078
1685350462834 0.0008 2079
1685350462898 0.0004 2080
1685350462963 0.0015 2081
1685350463029 0.0012 2082
1685350463094 0.0004 2083
1685350463158 0.0009 2084
1685350463224 0.0017 2085
1685350463291 0.0005 2086
1685350463356 0.0002 2087
1685350463423 0.0015 2088
1685350463489 0.0006 2089
1685350463555 0.0003 2090
1685350463622 0.0005 2091
1685350463690 0.0004 2092
1685350463756 0.0005 2093
1685350463821 0.0004 2094
1685350463909 0.0027 2095
1685350463993 0.0007 2096
1685350464058 0.0005 2097
1685350464123 0.0004 2098
1685350464189 0.001 2099
1685350464255 0.0007 2100
1685350464321 0.0006 2101
1685350464389 0.0009 2102
1685350464453 0.0005 2103
1685350464517 0.0007 2104
1685350464582 0.0003 2105
1685350464647 0.0109 2106
1685350464711 0.0004 2107
1685350464775 0.0004 2108
1685350464841 0.0004 2109
1685350464909 0.0007 2110
1685350464973 0.0004 2111
1685350465037 0.0004 2112
1685350465105 0.0007 2113
1685350465174 0.001 2114
1685350465244 0.0004 2115
1685350465313 0.0006 2116
1685350465385 0.0042 2117
1685350465451 0.0005 2118
1685350465518 0.0007 2119
1685350465591 0.0004 2120
1685350465659 0.0075 2121
1685350465731 0.0005 2122
1685350465801 0.0004 2123
1685350465873 0.0003 2124
1685350465940 0.0006 2125
1685350466007 0.002 2126
1685350466074 0.0003 2127
1685350466146 0.0004 2128
1685350466213 0.0005 2129
1685350466280 0.41 2130
1685350466347 0.0005 2131
1685350466414 0.0003 2132
1685350466483 0.0003 2133
1685350466553 0.0024 2134
1685350466621 0.0005 2135
1685350466691 0.0003 2136
1685350466764 0.0003 2137
1685350466832 0.0008 2138
1685350466898 0.0004 2139
1685350466970 0.0003 2140
1685350467036 0.0007 2141
1685350467105 0.0005 2142
1685350467179 0.0004 2143
1685350467248 0.0004 2144
1685350467320 0.0003 2145
1685350467387 0.0003 2146
1685350467462 0.0003 2147
1685350467532 0.0014 2148
1685350467602 0.0004 2149
1685350467670 0.0004 2150
1685350467744 0.0003 2151
1685350467813 0.0058 2152
1685350467885 0.0015 2153
1685350467956 0.0003 2154
1685350468025 0.0003 2155
1685350468096 0.0016 2156
1685350468165 0.0005 2157
1685350468231 0.0007 2158
1685350468301 0.0007 2159
1685350468372 0.0003 2160
1685350468446 0.0003 2161
1685350468515 0.0012 2162
1685350468586 0.0004 2163
1685350468663 0.0067 2164
1685350468737 0.0007 2165
1685350468807 0.0005 2166
1685350468879 0.0005 2167
1685350468948 0.0004 2168
1685350469021 0.0003 2169
1685350469087 0.0005 2170
1685350469153 4.0718 2171
1685350469218 0.006 2172
1685350469283 0.0005 2173
1685350469349 0.0004 2174
1685350469414 0.0004 2175
1685350469486 0.0004 2176
1685350469550 0.0099 2177
1685350469616 0.0046 2178
1685350469680 0.0004 2179
1685350469745 0.0003 2180
1685350469812 0.0008 2181
1685350469877 0.0006 2182
1685350469942 0.0005 2183
1685350470006 0.0004 2184
1685350470073 0.0008 2185
1685350470139 0.0003 2186
1685350470204 0.0005 2187
1685350470269 0.0009 2188
1685350470335 0.0004 2189
1685350470401 0.002 2190
1685350470467 0.0017 2191
1685350470532 0.0007 2192
1685350470597 0.0017 2193
1685350470664 0.0004 2194
1685350470729 0.0006 2195
1685350470794 0.0037 2196
1685350470859 0.0029 2197
1685350470924 0.0013 2198
1685350470989 0.0004 2199
1685350471053 0.0014 2200
1685350471119 0.0007 2201
1685350471187 0.0005 2202
1685350471252 0.0002 2203
1685350471316 0.002 2204
1685350471381 0.0005 2205
1685350471446 0.0004 2206
1685350471511 0.0013 2207
1685350471577 0.0005 2208
1685350471649 0.0003 2209
1685350471716 0.0006 2210
1685350471785 2.6765 2211
1685350471850 0.0021 2212
1685350471916 0.0012 2213
1685350471981 0.0003 2214
1685350472048 0.0005 2215
1685350472120 0.003 2216
1685350472188 0.0012 2217
1685350472254 0.0003 2218
1685350472320 0.0074 2219
1685350472386 0.001 2220
1685350472455 0.0003 2221
1685350472522 0.0116 2222
1685350472588 0.0004 2223
1685350472656 0.0003 2224
1685350472721 0.001 2225
1685350472785 0.0004 2226
1685350472852 0.0007 2227
1685350472916 0.0004 2228
1685350472983 0.0004 2229
1685350473048 0.0024 2230
1685350473114 0.0004 2231
1685350473183 0.0021 2232
1685350473249 0.0047 2233
1685350473315 0.0002 2234
1685350473383 0.0003 2235
1685350473452 0.0004 2236
1685350473521 0.0004 2237
1685350473588 0.0009 2238
1685350473655 0.0008 2239
1685350473720 0.0026 2240
1685350473787 0.0003 2241
1685350473853 0.0005 2242
1685350473918 0.0021 2243
1685350473985 0.0019 2244
1685350474052 0.0018 2245
1685350474117 0.0009 2246
1685350474182 0.0015 2247
1685350474249 0.0004 2248
1685350474315 0.0006 2249
1685350474366 0.0002 2250
